-264.458 -436.992 177.5
-264.458 -436.992 177.5
-264.458 -436.992 177.5
-264.458 -436.992 177.5
-264.458 -436.992 177.5
-264.458 -436.992 177.5
-264.458 -436.992 177.5
-264.458 -436.992 177.5
-264.458 -436.992 177.498
-264.458 -436.992 177.496
-264.459 -436.993 177.49
-264.46 -436.993 177.482
-264.461 -436.994 177.471
-264.462 -436.995 177.456
-264.464 -436.997 177.437
-264.466 -436.997 177.418
-264.467 -436.997 177.404
-264.467 -436.996 177.392
-264.467 -436.992 177.386
-264.465 -436.986 177.39
-264.462 -436.979 177.403
-264.458 -436.968 177.429
-264.452 -436.955 177.463
-264.446 -436.939 177.513
-264.441 -436.924 177.562
-264.435 -436.905 177.627
-264.43 -436.885 177.7
-264.426 -436.866 177.776
-264.423 -436.842 177.862
-264.419 -436.816 177.947
-264.415 -436.786 178.033
-264.41 -436.749 178.121
-264.402 -436.699 178.219
-264.394 -436.65 178.298
-264.382 -436.588 178.379
-264.368 -436.514 178.463
-264.354 -436.434 178.544
-264.339 -436.355 178.617
-264.326 -436.273 178.688
-264.312 -436.185 178.762
-264.301 -436.098 178.834
-264.293 -436.012 178.905
-264.289 -435.929 178.97
-264.288 -435.84 179.035
-264.292 -435.744 179.098
-264.3 -435.637 179.162
-264.313 -435.517 179.225
-264.334 -435.371 179.292
-264.361 -435.207 179.358
-264.392 -435.04 179.42
-264.426 -434.86 179.479
-264.467 -434.657 179.54
-264.511 -434.445 179.598
-264.554 -434.24 179.649
-264.602 -434.016 179.698
-264.652 -433.787 179.742
-264.704 -433.552 179.781
-264.755 -433.326 179.811
-264.81 -433.095 179.836
-264.867 -432.857 179.853
-264.929 -432.613 179.864
-264.995 -432.362 179.868
-265.065 -432.104 179.865
-265.144 -431.818 179.855
-265.223 -431.541 179.842
-265.307 -431.254 179.825
-265.401 -430.936 179.803
-265.501 -430.604 179.78
-265.605 -430.259 179.755
-265.707 -429.925 179.73
-265.811 -429.581 179.706
-265.916 -429.229 179.68
-266.036 -428.822 179.652
-266.135 -428.482 179.629
-266.24 -428.112 179.604
-266.344 -427.74 179.58
-266.457 -427.339 179.554
-266.568 -426.961 179.529
-266.695 -426.556 179.5
-266.825 -426.174 179.471
-266.967 -425.792 179.44
-267.125 -425.409 179.405
-267.298 -425.026 179.367
-267.494 -424.619 179.323
-267.696 -424.214 179.276
-267.888 -423.836 179.229
-268.076 -423.462 179.179
-268.27 -423.068 179.123
-268.451 -422.679 179.065
-268.607 -422.319 179.009
-268.751 -421.962 178.955
-268.881 -421.608 178.903
-268.998 -421.255 178.855
-269.109 -420.879 178.81
-269.204 -420.502 178.774
-269.279 -420.147 178.749
-269.344 -419.79 178.733
-269.406 -419.407 178.726
-269.465 -419.019 178.726
-269.521 -418.651 178.733
-269.582 -418.278 178.747
-269.656 -417.875 178.767
-269.743 -417.465 178.792
-269.837 -417.072 178.821
-269.942 -416.67 178.853
-270.061 -416.258 178.89
-270.193 -415.832 178.93
-270.347 -415.364 178.976
-270.507 -414.908 179.022
-270.681 -414.437 179.072
-270.892 -413.92 179.133
-271.118 -413.424 179.199
-271.379 -412.92 179.278
-271.702 -412.376 179.378
-272.078 -411.829 179.499
-272.515 -411.282 179.645
-272.982 -410.768 179.802
-273.505 -410.253 179.977
-274.08 -409.733 180.165
-274.749 -409.171 180.377
-275.429 -408.636 180.581
-276.156 -408.09 180.788
-276.983 -407.493 181.007
-277.797 -406.922 181.208
-278.64 -406.341 181.403
-279.499 -405.755 181.59
-280.365 -405.166 181.768
-281.282 -404.538 181.945
-282.182 -403.914 182.108
-283.051 -403.299 182.254
-283.89 -402.696 182.387
-284.602 -402.182 182.496
-285.393 -401.615 182.619
-286.45 -400.875 182.792
-286.921 -400.558 182.875
-287.619 -400.105 183.01
-288.309 -399.684 183.16
-289.042 -399.267 183.337
-289.777 -398.878 183.536
-290.471 -398.537 183.742
-291.174 -398.215 183.969
-291.938 -397.888 184.237
-292.773 -397.557 184.551
-293.479 -397.293 184.834
-294.255 -397.016 185.16
-295.05 -396.743 185.511
-295.92 -396.453 185.911
-296.698 -396.198 186.282
-297.608 -395.901 186.731
-298.479 -395.616 187.175
-299.368 -395.322 187.641
-300.272 -395.02 188.129
-301.189 -394.71 188.638
-302.18 -394.37 189.205
-303.119 -394.043 189.758
-304.128 -393.687 190.372
-305.143 -393.323 191.009
-306.1 -392.974 191.628
-307.125 -392.597 192.307
-308.154 -392.213 193.005
-309.123 -391.849 193.675
-310.096 -391.482 194.357
-311.137 -391.087 195.096
-312.117 -390.714 195.799
-313.101 -390.339 196.506
-314.089 -389.962 197.215
-315.08 -389.582 197.921
-316.143 -389.175 198.666
-317.212 -388.765 199.398
-318.219 -388.379 200.068
-319.232 -387.99 200.717
-320.249 -387.598 201.342
-321.335 -387.177 201.979
-322.42 -386.752 202.579
-323.435 -386.349 203.105
-324.512 -385.914 203.624
-325.58 -385.474 204.094
-326.573 -385.056 204.489
-327.557 -384.634 204.845
-328.599 -384.181 205.189
-329.569 -383.754 205.486
-330.532 -383.326 205.762
-331.555 -382.87 206.043
-332.509 -382.442 206.299
-333.458 -382.017 206.552
-334.904 -381.367 206.939
-335.466 -381.115 207.091
-336.397 -380.695 207.346
-337.322 -380.279 207.605
-338.238 -379.865 207.868
-339.205 -379.426 208.156
-340.103 -379.019 208.431
-341.054 -378.588 208.727
-341.939 -378.189 209.001
-342.88 -377.766 209.288
-343.7 -377.401 209.53
-344.578 -377.014 209.777
-345.516 -376.605 210.022
-346.457 -376.202 210.248
-347.344 -375.829 210.44
-348.238 -375.46 210.614
-349.202 -375.072 210.779
-350.18 -374.688 210.922
-351.111 -374.332 211.037
-352.058 -373.981 211.132
-353.017 -373.633 211.211
-353.986 -373.289 211.276
-355.024 -372.927 211.336
-356.063 -372.569 211.389
-357.032 -372.239 211.437
-357.993 -371.912 211.487
-358.942 -371.59 211.542
-359.876 -371.274 211.6
-360.854 -370.942 211.665
-361.813 -370.618 211.731
-362.69 -370.321 211.791
-363.603 -370.013 211.853
-364.433 -369.733 211.906
-365.293 -369.443 211.958
-366.074 -369.182 211.999
-366.882 -368.915 212.036
-367.665 -368.661 212.064
-368.426 -368.422 212.083
-369.119 -368.21 212.091
-369.838 -368.001 212.09
-370.494 -367.818 212.078
-371.134 -367.647 212.058
-371.801 -367.474 212.028
-372.452 -367.311 211.989
-373.05 -367.164 211.946
-373.636 -367.02 211.898
-374.25 -366.869 211.841
-374.856 -366.718 211.777
-375.42 -366.576 211.712
-376.021 -366.422 211.634
-376.626 -366.263 211.548
-377.201 -366.11 211.458
-377.826 -365.94 211.352
-378.467 -365.761 211.234
-379.123 -365.573 211.105
-379.709 -365.402 210.982
-380.349 -365.211 210.84
-381.088 -364.985 210.667
-381.752 -364.777 210.504
-382.382 -364.575 210.342
-383.111 -364.336 210.146
-383.85 -364.089 209.941
-384.551 -363.85 209.742
-385.258 -363.605 209.539
-386.018 -363.337 209.32
-386.781 -363.065 209.099
-387.548 -362.788 208.879
-388.316 -362.507 208.663
-388.989 -362.259 208.475
-389.756 -361.973 208.265
-390.425 -361.72 208.084
-391.185 -361.43 207.882
-391.893 -361.156 207.697
-392.689 -360.845 207.493
-393.336 -360.589 207.329
-394.023 -360.317 207.156
-394.701 -360.048 206.984
-395.413 -359.768 206.799
-396.113 -359.495 206.61
-396.8 -359.231 206.416
-397.432 -358.995 206.227
-398.053 -358.77 206.031
-398.703 -358.539 205.811
-399.342 -358.319 205.58
-399.932 -358.122 205.352
-400.515 -357.931 205.11
-401.092 -357.748 204.856
-401.662 -357.571 204.586
-402.265 -357.391 204.281
-402.862 -357.22 203.957
-403.379 -357.08 203.658
-403.965 -356.932 203.296
-404.508 -356.805 202.937
-405.083 -356.686 202.532
-405.651 -356.582 202.103
-406.211 -356.495 201.654
-406.728 -356.428 201.214
-407.234 -356.373 200.76
-407.729 -356.33 200.292
-408.211 -356.299 199.813
-408.678 -356.28 199.323
-409.129 -356.271 198.826
-409.593 -356.273 198.292
-410.01 -356.284 197.791
-410.437 -356.305 197.26
-410.843 -356.335 196.739
-411.206 -356.371 196.262
-411.551 -356.413 195.801
-411.879 -356.462 195.356
-412.194 -356.516 194.925
-412.52 -356.579 194.478
-412.861 -356.651 194.016
-413.14 -356.715 193.642
-413.441 -356.787 193.247
-413.77 -356.867 192.828
-414.085 -356.944 192.438
-414.431 -357.027 192.023
-414.786 -357.11 191.612
-415.127 -357.185 191.229
-415.476 -357.258 190.85
-415.858 -357.331 190.448
-416.25 -357.397 190.051
-416.625 -357.453 189.686
-417.007 -357.501 189.334
-417.447 -357.544 188.954
-417.813 -357.571 188.662
-418.236 -357.59 188.356
-418.662 -357.596 188.084
-419.063 -357.589 187.863
-419.496 -357.569 187.663
-419.907 -357.541 187.504
-420.325 -357.506 187.372
-420.781 -357.461 187.256
-421.25 -357.412 187.163
-421.702 -357.362 187.095
-422.169 -357.312 187.041
-422.683 -357.258 186.996
-423.216 -357.206 186.96
-423.732 -357.16 186.932
-424.265 -357.117 186.906
-424.854 -357.079 186.877
-425.464 -357.048 186.843
-426.096 -357.024 186.803
-426.706 -357.007 186.76
-427.333 -356.994 186.714
-427.977 -356.983 186.665
-428.68 -356.972 186.611
-429.309 -356.963 186.564
-430.042 -356.949 186.509
-430.79 -356.934 186.455
-431.504 -356.918 186.405
-432.229 -356.9 186.357
-433.014 -356.881 186.305
-433.81 -356.861 186.256
-434.567 -356.843 186.211
-435.383 -356.824 186.164
-436.205 -356.805 186.117
-437.032 -356.787 186.071
-437.808 -356.771 186.026
-438.583 -356.755 185.979
-439.353 -356.738 185.929
-440.117 -356.722 185.875
-440.923 -356.705 185.813
-441.718 -356.689 185.746
-442.453 -356.676 185.68
-443.178 -356.666 185.611
-443.938 -356.659 185.535
-444.639 -356.658 185.462
-445.372 -356.662 185.381
-446.003 -356.671 185.31
-446.667 -356.687 185.232
-447.323 -356.71 185.152
-448.013 -356.742 185.066
-448.654 -356.78 184.983
-449.29 -356.825 184.898
-449.923 -356.878 184.81
-450.596 -356.943 184.716
-451.186 -357.004 184.634
-451.821 -357.073 184.547
-452.505 -357.147 184.458
-453.155 -357.214 184.38
-453.859 -357.282 184.304
-454.578 -357.343 184.238
-455.31 -357.395 184.181
-456.005 -357.433 184.137
-456.752 -357.46 184.099
-457.454 -357.47 184.071
-458.154 -357.465 184.05
-458.895 -357.439 184.036
-459.626 -357.392 184.029
-460.347 -357.325 184.028
-460.973 -357.254 184.032
-461.64 -357.17 184.04
-462.304 -357.079 184.05
-463.012 -356.981 184.062
-463.722 -356.885 184.074
-464.39 -356.801 184.084
-465.058 -356.722 184.097
-465.768 -356.643 184.115
-466.429 -356.573 184.14
-467.08 -356.507 184.176
-467.762 -356.439 184.23
-468.387 -356.378 184.297
-469.073 -356.309 184.398
-469.618 -356.252 184.5
-470.177 -356.188 184.631
-470.709 -356.119 184.786
-471.243 -356.039 184.977
-471.736 -355.949 185.197
-472.186 -355.847 185.448
-472.569 -355.74 185.709
-472.939 -355.618 186.011
-473.274 -355.491 186.331
-473.581 -355.361 186.662
-473.846 -355.241 186.978
-474.159 -355.096 187.377
-474.347 -355.011 187.625
-474.587 -354.905 187.95
-474.803 -354.814 188.249
-474.998 -354.736 188.523
-475.215 -354.657 188.832
-475.427 -354.586 189.137
-475.622 -354.528 189.42
-475.828 -354.475 189.719
-476.019 -354.432 189.998
-476.209 -354.393 190.273
-476.409 -354.356 190.564
-476.606 -354.321 190.852
-476.789 -354.287 191.118
-476.969 -354.252 191.381
-477.159 -354.212 191.657
-477.343 -354.166 191.926
-477.511 -354.119 192.169
-477.671 -354.067 192.403
-477.824 -354.009 192.624
-477.976 -353.939 192.843
-478.107 -353.867 193.031
-478.227 -353.788 193.201
-478.341 -353.696 193.362
-478.435 -353.605 193.492
-478.531 -353.49 193.624
-478.589 -353.404 193.701
-478.643 -353.302 193.772
-478.686 -353.192 193.826
-478.713 -353.091 193.856
-478.728 -352.989 193.866
-478.729 -352.899 193.856
-478.718 -352.828 193.825
-478.696 -352.782 193.779
-478.665 -352.762 193.716
-478.625 -352.771 193.637
