-264.458 -436.992 177.5
-264.458 -436.992 177.5
-264.458 -436.992 177.5
-264.458 -436.992 177.5
-264.458 -436.992 177.5
-264.458 -436.992 177.5
-264.458 -436.992 177.5
-264.458 -436.992 177.5
-264.458 -436.992 177.5
-264.459 -436.993 177.5
-264.461 -436.993 177.499
-264.464 -436.995 177.499
-264.467 -436.996 177.498
-264.473 -436.999 177.497
-264.479 -437.002 177.496
-264.486 -437.005 177.495
-264.495 -437.008 177.493
-264.504 -437.011 177.492
-264.514 -437.013 177.492
-264.524 -437.015 177.492
-264.535 -437.015 177.493
-264.544 -437.016 177.495
-264.554 -437.016 177.497
-264.562 -437.017 177.5
-264.569 -437.018 177.504
-264.573 -437.022 177.507
-264.574 -437.027 177.512
-264.572 -437.035 177.517
-264.567 -437.044 177.522
-264.559 -437.055 177.529
-264.549 -437.067 177.537
-264.537 -437.078 177.547
-264.522 -437.089 177.56
-264.506 -437.098 177.575
-264.49 -437.106 177.592
-264.472 -437.111 177.613
-264.458 -437.114 177.632
-264.446 -437.114 177.655
-264.435 -437.109 177.682
-264.431 -437.102 177.706
-264.433 -437.089 177.731
-264.444 -437.072 177.757
-264.465 -437.049 177.779
-264.502 -437.02 177.799
-264.562 -436.98 177.818
-264.64 -436.933 177.832
-264.751 -436.873 177.842
-264.895 -436.8 177.848
-265.06 -436.722 177.853
-265.253 -436.636 177.867
-265.489 -436.538 177.9
-265.736 -436.442 177.956
-266.007 -436.345 178.046
-266.3 -436.249 178.176
-266.637 -436.149 178.369
-266.995 -436.053 178.628
-267.347 -435.966 178.94
-267.711 -435.883 179.326
-268.111 -435.798 179.831
-268.517 -435.717 180.44
-268.901 -435.645 181.116
-269.286 -435.574 181.9
-269.696 -435.497 182.854
-270.08 -435.419 183.857
-270.489 -435.322 185.039
-270.899 -435.208 186.335
-271.283 -435.079 187.65
-271.667 -434.924 189.06
-272.05 -434.738 190.557
-272.435 -434.519 192.124
-272.847 -434.242 193.851
-273.264 -433.917 195.612
-273.66 -433.565 197.275
-274.064 -433.165 198.929
-274.532 -432.647 200.768
-274.962 -432.132 202.347
-275.413 -431.559 203.881
-275.93 -430.88 205.462
-276.455 -430.177 206.89
-277.028 -429.408 208.261
-277.701 -428.51 209.657
-278.398 -427.593 210.901
-279.163 -426.603 212.078
-279.998 -425.541 213.189
-280.968 -424.329 214.3
-282.019 -423.038 215.333
-283.082 -421.757 216.23
-284.219 -420.408 217.058
-285.515 -418.896 217.863
-286.892 -417.311 218.594
-288.342 -415.659 219.258
-289.857 -413.945 219.862
-291.231 -412.398 220.348
-292.745 -410.695 220.832
-294.298 -408.949 221.281
-295.99 -407.045 221.732
-297.603 -405.223 222.136
-299.126 -403.494 222.503
-300.88 -401.489 222.921
-302.641 -399.455 223.345
-304.293 -397.528 223.758
-305.939 -395.583 224.194
-307.791 -393.363 224.724
-309.305 -391.525 225.191
-311.022 -389.416 225.76
-312.725 -387.301 226.369
-314.309 -385.315 226.977
-315.88 -383.33 227.623
-317.437 -381.346 228.308
-319.085 -379.234 229.08
-320.621 -377.254 229.84
-322.15 -375.271 230.629
-323.676 -373.28 231.443
-325.303 -371.146 232.334
-326.831 -369.132 233.185
-328.363 -367.101 234.047
-330.003 -364.916 234.974
-331.543 -362.856 235.844
-333.081 -360.79 236.713
-334.616 -358.723 237.576
-336.247 -356.524 238.484
-337.868 -354.336 239.376
-339.476 -352.167 240.246
-340.871 -350.286 240.988
-342.451 -348.156 241.818
-343.917 -346.177 242.578
-345.367 -344.215 243.324
-346.8 -342.271 244.056
-348.215 -340.343 244.776
-349.702 -338.305 245.533
-351.078 -336.409 246.234
-352.437 -334.523 246.929
-353.782 -332.644 247.621
-355.115 -330.767 248.312
-356.438 -328.89 249.004
-357.84 -326.882 249.746
-359.147 -324.991 250.448
-360.534 -322.963 251.203
-361.831 -321.052 251.915
-363.123 -319.131 252.631
-364.585 -316.943 253.444
-365.787 -315.131 254.115
-367.16 -313.05 254.881
-368.361 -311.219 255.55
-369.65 -309.244 256.261
-371.026 -307.12 257.007
-372.318 -305.109 257.691
-373.613 -303.074 258.354
-374.998 -300.875 259.034
-376.386 -298.643 259.68
-377.692 -296.518 260.251
-379 -294.365 260.791
-380.397 -292.043 261.335
-381.706 -289.846 261.819
-383.013 -287.634 262.28
-384.317 -285.411 262.721
-385.704 -283.033 263.173
-387.001 -280.8 263.582
-388.296 -278.564 263.981
-389.592 -276.323 264.374
-390.977 -273.929 264.79
-392.368 -271.529 265.208
-393.68 -269.273 265.606
-395.001 -267.012 266.012
-396.422 -264.594 266.457
-397.851 -262.17 266.908
-399.197 -259.892 267.331
-400.546 -257.61 267.751
-401.986 -255.172 268.191
-403.335 -252.884 268.59
-404.77 -250.442 268.998
-406.199 -248.004 269.387
-407.53 -245.729 269.738
-408.849 -243.473 270.079
-410.242 -241.094 270.433
-411.447 -239.044 270.739
-412.804 -236.746 271.085
-414.14 -234.501 271.431
-415.37 -232.445 271.753
-416.576 -230.434 272.065
-417.834 -228.333 272.383
-418.985 -226.403 272.661
-420.105 -224.507 272.914
-421.265 -222.52 273.151
-422.317 -220.686 273.338
-423.338 -218.881 273.49
-424.395 -216.989 273.611
-425.424 -215.13 273.691
-426.304 -213.533 273.727
-427.23 -211.851 273.728
-428.14 -210.201 273.691
-429.038 -208.583 273.617
-429.928 -206.995 273.504
-430.871 -205.335 273.344
-431.813 -203.707 273.144
-432.699 -202.21 272.921
-433.649 -200.641 272.646
-434.61 -199.102 272.334
-435.524 -197.682 272.008
-436.451 -196.281 271.649
-437.711 -194.432 271.114
-439.46 -191.953 270.283
-440.458 -190.574 269.765
-441.476 -189.189 269.203
-442.512 -187.796 268.601
-443.634 -186.304 267.917
-444.769 -184.809 267.196
-445.839 -183.409 266.492
-446.985 -181.919 265.716
-448.058 -180.53 264.969
-449.198 -179.059 264.158
-450.33 -177.6 263.329
-451.451 -176.152 262.475
-452.49 -174.805 261.646
-453.514 -173.465 260.784
-454.587 -172.045 259.823
-455.572 -170.72 258.876
-456.536 -169.403 257.882
-457.477 -168.097 256.845
-458.397 -166.808 255.774
-459.297 -165.542 254.677
-460.177 -164.304 253.561
-461.039 -163.1 252.436
-461.939 -161.86 251.233
-462.823 -160.671 250.036
-463.696 -159.53 248.846
-464.456 -158.571 247.81
-465.326 -157.514 246.629
-466.204 -156.498 245.452
-467.039 -155.58 244.352
-467.892 -154.691 243.252
-468.824 -153.773 242.082
-469.775 -152.886 240.919
-470.679 -152.08 239.841
-471.652 -151.248 238.71
-472.568 -150.494 237.671
-473.485 -149.762 236.659
-474.458 -149.006 235.614
-475.422 -148.275 234.605
-476.312 -147.61 233.688
-477.242 -146.92 232.736
-478.09 -146.291 231.862
-478.911 -145.678 231.004
-479.75 -145.038 230.099
-480.547 -144.413 229.201
-481.255 -143.839 228.362
-481.973 -143.239 227.468
-482.613 -142.688 226.627
-483.223 -142.149 225.782
-483.808 -141.62 224.93
-484.404 -141.067 224.01
-484.976 -140.527 223.076
-485.453 -140.065 222.248
-485.965 -139.554 221.289
-486.437 -139.061 220.318
-486.837 -138.62 219.397
-487.191 -138.201 218.466
-487.53 -137.755 217.399
-487.756 -137.413 216.512
-487.948 -137.07 215.552
-488.099 -136.727 214.516
-488.193 -136.424 213.532
-488.246 -136.136 212.533
-488.26 -135.86 211.52
-488.237 -135.576 210.421
-488.187 -135.334 209.446
-488.105 -135.064 208.328
-488.011 -134.815 207.29
-487.908 -134.57 206.274
-487.797 -134.312 205.228
-487.693 -134.056 204.235
-487.606 -133.801 203.311
-487.546 -133.579 202.565
-487.492 -133.331 201.78
-487.45 -133.105 201.104
-487.412 -132.891 200.483
-487.368 -132.676 199.877
-487.316 -132.481 199.322
-487.259 -132.328 198.876
-487.185 -132.184 198.433
-487.101 -132.057 198.019
-487.007 -131.936 197.603
-486.912 -131.826 197.205
-486.827 -131.731 196.841
-486.745 -131.634 196.455
-486.68 -131.543 196.088
-486.625 -131.445 195.695
-486.585 -131.35 195.333
-486.555 -131.25 194.988
-486.532 -131.138 194.646
-486.516 -131.009 194.324
-486.509 -130.894 194.1
-486.506 -130.762 193.907
-486.506 -130.613 193.752
-486.51 -130.472 193.647
-486.517 -130.333 193.574
-486.525 -130.192 193.523
-486.534 -130.071 193.494
-486.544 -129.966 193.476
-486.553 -129.875 193.463
-486.562 -129.804 193.453
-486.57 -129.756 193.447
-486.578 -129.722 193.443
-486.587 -129.701 193.441
-486.595 -129.696 193.44
-486.602 -129.701 193.439
-486.61 -129.717 193.438
-486.618 -129.741 193.437
-486.627 -129.772 193.436
-486.636 -129.811 193.435
-486.648 -129.858 193.434
-486.661 -129.908 193.432
-486.677 -129.966 193.431
-486.694 -130.024 193.429
-486.712 -130.083 193.428
-486.733 -130.146 193.426
-486.754 -130.211 193.424
-486.771 -130.261 193.423
-486.789 -130.31 193.422
-486.805 -130.355 193.421
-486.819 -130.393 193.421
-486.831 -130.422 193.42
-486.84 -130.445 193.42
-486.849 -130.465 193.42
-486.855 -130.479 193.42
-486.86 -130.489 193.42
-486.863 -130.497 193.42
-486.865 -130.502 193.42
-486.866 -130.504 193.42
-486.865 -130.503 193.419
-486.862 -130.5 193.418
-486.858 -130.495 193.417
-486.853 -130.488 193.416
-486.846 -130.479 193.414
-486.837 -130.468 193.412
-486.827 -130.457 193.409
-486.816 -130.444 193.406
-486.803 -130.43 193.403
-486.79 -130.416 193.4
-486.775 -130.402 193.397
-486.761 -130.388 193.394
-486.744 -130.373 193.39
-486.727 -130.36 193.387
-486.71 -130.348 193.385
-486.693 -130.337 193.382
-486.675 -130.327 193.379
-486.657 -130.32 193.377
-486.641 -130.315 193.375
-486.625 -130.313 193.374
-486.61 -130.312 193.372
-486.597 -130.313 193.371
-486.586 -130.316 193.37
-486.577 -130.32 193.37
-486.57 -130.326 193.369
-486.567 -130.334 193.369
-486.567 -130.343 193.368
-486.569 -130.355 193.368
-486.574 -130.369 193.368
-486.58 -130.386 193.368
-486.589 -130.407 193.368
-486.601 -130.432 193.368
-486.613 -130.459 193.368
-486.626 -130.489 193.368
-486.641 -130.521 193.368
-486.656 -130.552 193.368
-486.669 -130.581 193.368
-486.683 -130.61 193.368
-486.694 -130.635 193.368
-486.704 -130.657 193.368
-486.714 -130.677 193.368
-486.722 -130.694 193.368
-486.729 -130.709 193.368
-486.734 -130.722 193.368
-486.739 -130.73 193.368
-486.742 -130.737 193.368
-486.744 -130.741 193.368
-486.745 -130.745 193.368
-486.746 -130.747 193.368
-486.747 -130.749 193.368
-486.748 -130.752 193.368
-486.75 -130.756 193.367
-486.753 -130.761 193.367
