-264.458 -436.992 177.5
-264.458 -436.992 177.5
-264.458 -436.992 177.5
-264.458 -436.992 177.5
-264.458 -436.992 177.5
-264.458 -436.992 177.5
-264.458 -436.992 177.5
-264.458 -436.992 177.5
-264.457 -436.993 177.5
-264.456 -436.994 177.501
-264.453 -436.995 177.501
-264.449 -436.998 177.502
-264.444 -437.002 177.504
-264.436 -437.008 177.506
-264.427 -437.012 177.51
-264.418 -437.011 177.515
-264.411 -437 177.522
-264.407 -436.974 177.534
-264.407 -436.933 177.549
-264.413 -436.87 177.568
-264.429 -436.757 177.599
-264.445 -436.667 177.624
-264.471 -436.536 177.66
-264.506 -436.376 177.706
-264.546 -436.209 177.757
-264.593 -436.028 177.815
-264.649 -435.823 177.885
-264.713 -435.608 177.965
-264.778 -435.401 178.045
-264.846 -435.192 178.129
-264.92 -434.972 178.218
-264.995 -434.758 178.304
-265.068 -434.556 178.385
-265.137 -434.369 178.457
-265.198 -434.208 178.515
-265.257 -434.058 178.564
-265.315 -433.915 178.604
-265.377 -433.766 178.638
-265.435 -433.625 178.662
-265.5 -433.47 178.68
-265.564 -433.315 178.69
-265.633 -433.148 178.695
-265.713 -432.952 178.694
-265.802 -432.734 178.691
-265.895 -432.505 178.686
-266.005 -432.23 178.681
-266.137 -431.9 178.677
-266.268 -431.573 178.677
-266.414 -431.209 178.681
-266.565 -430.838 178.688
-266.755 -430.375 178.702
-266.951 -429.904 178.722
-267.168 -429.397 178.748
-267.42 -428.815 178.783
-267.679 -428.232 178.825
-267.958 -427.615 178.873
-268.277 -426.925 178.928
-268.614 -426.206 178.985
-268.948 -425.51 179.039
-269.366 -424.651 179.099
-269.681 -424.019 179.138
-270.054 -423.279 179.177
-270.463 -422.479 179.213
-270.882 -421.668 179.242
-271.282 -420.897 179.266
-271.687 -420.117 179.287
-272.314 -418.903 179.315
-272.506 -418.529 179.322
-272.973 -417.614 179.341
-273.387 -416.802 179.359
-273.803 -415.987 179.379
-274.251 -415.118 179.407
-274.704 -414.254 179.441
-275.133 -413.45 179.482
-275.568 -412.655 179.533
-276.01 -411.869 179.594
-276.489 -411.04 179.67
-276.947 -410.267 179.753
-277.413 -409.499 179.844
-277.889 -408.733 179.945
-278.375 -407.966 180.055
-278.871 -407.198 180.174
-279.378 -406.427 180.3
-279.894 -405.653 180.432
-280.417 -404.877 180.568
-281.018 -403.993 180.725
-281.519 -403.262 180.855
-282.059 -402.477 180.993
-282.638 -401.635 181.138
-283.22 -400.791 181.28
-283.769 -400 181.414
-284.319 -399.211 181.55
-284.91 -398.373 181.699
-285.502 -397.54 181.855
-286.098 -396.715 182.021
-286.622 -396.002 182.175
-287.222 -395.195 182.362
-287.787 -394.449 182.549
-288.39 -393.663 182.759
-288.957 -392.935 182.968
-289.523 -392.217 183.186
-290.089 -391.509 183.416
-290.693 -390.765 183.671
-291.297 -390.03 183.938
-291.866 -389.349 184.197
-292.44 -388.675 184.464
-293.018 -388.005 184.737
-293.604 -387.339 185.015
-294.237 -386.632 185.318
-294.881 -385.926 185.625
-295.453 -385.309 185.897
-296.156 -384.561 186.233
-296.784 -383.9 186.533
-297.377 -383.283 186.817
-298.061 -382.576 187.147
-298.75 -381.866 187.481
-299.401 -381.198 187.799
-300.052 -380.529 188.121
-300.701 -379.86 188.448
-301.345 -379.19 188.779
-302.065 -378.431 189.159
-302.689 -377.763 189.499
-303.339 -377.054 189.867
-303.932 -376.393 190.215
-304.588 -375.653 190.614
-305.076 -375.096 190.921
-305.663 -374.423 191.302
-306.199 -373.809 191.66
-306.721 -373.213 192.02
-307.264 -372.601 192.404
-307.762 -372.05 192.762
-308.253 -371.52 193.115
-308.74 -371.012 193.459
-309.292 -370.463 193.837
-309.781 -370.002 194.154
-310.311 -369.533 194.472
-310.851 -369.089 194.768
-311.367 -368.692 195.024
-311.895 -368.311 195.26
-312.433 -367.944 195.476
-313.019 -367.565 195.686
-313.619 -367.196 195.874
-314.194 -366.856 196.032
-314.78 -366.52 196.173
-315.417 -366.164 196.31
-316.063 -365.808 196.436
-316.717 -365.45 196.556
-317.293 -365.134 196.661
-317.954 -364.767 196.784
-318.617 -364.393 196.914
-319.239 -364.035 197.048
-319.862 -363.674 197.195
-320.489 -363.312 197.358
-321.205 -362.904 197.566
-321.801 -362.571 197.758
-322.49 -362.199 198.005
-323.145 -361.86 198.265
-323.809 -361.532 198.551
-324.523 -361.193 198.879
-325.197 -360.885 199.205
-325.871 -360.585 199.544
-326.543 -360.295 199.891
-327.256 -359.994 200.265
-327.962 -359.702 200.639
-328.659 -359.418 201.007
-329.304 -359.158 201.345
-329.983 -358.887 201.696
-330.569 -358.653 201.991
-331.269 -358.374 202.331
-331.877 -358.131 202.613
-332.475 -357.889 202.876
-333.066 -357.652 203.12
-333.652 -357.42 203.349
-334.235 -357.194 203.564
-334.856 -356.964 203.782
-335.481 -356.746 203.99
-336.073 -356.554 204.18
-336.711 -356.363 204.378
-337.319 -356.196 204.56
-337.977 -356.027 204.752
-338.605 -355.875 204.93
-339.243 -355.727 205.107
-339.937 -355.57 205.297
-340.644 -355.412 205.486
-341.32 -355.259 205.665
-342.006 -355.101 205.844
-342.746 -354.923 206.035
-343.4 -354.757 206.202
-344.151 -354.553 206.391
-344.904 -354.332 206.578
-345.657 -354.091 206.764
-346.314 -353.864 206.924
-347.064 -353.588 207.106
-347.812 -353.299 207.286
-348.513 -353.017 207.454
-349.211 -352.727 207.621
-349.955 -352.413 207.799
-350.696 -352.095 207.977
-351.393 -351.796 208.144
-352.092 -351.499 208.314
-352.845 -351.184 208.499
-353.607 -350.875 208.689
-354.334 -350.59 208.874
-355.076 -350.314 209.065
-355.885 -350.028 209.278
-356.708 -349.752 209.499
-357.54 -349.482 209.725
-358.376 -349.218 209.953
-359.21 -348.957 210.181
-359.933 -348.731 210.379
-360.698 -348.488 210.588
-361.497 -348.229 210.804
-362.229 -347.986 210.998
-362.988 -347.726 211.192
-363.723 -347.467 211.371
-364.43 -347.209 211.53
-365.067 -346.968 211.659
-365.715 -346.713 211.772
-366.255 -346.492 211.849
-366.807 -346.259 211.908
-367.366 -346.019 211.946
-367.894 -345.789 211.956
-368.394 -345.57 211.94
-368.808 -345.391 211.904
-369.255 -345.202 211.838
-369.678 -345.03 211.745
-370.079 -344.877 211.622
-370.461 -344.741 211.467
-370.805 -344.629 211.293
-371.139 -344.534 211.088
-371.486 -344.45 210.834
-371.826 -344.383 210.543
-372.143 -344.333 210.24
-372.459 -344.292 209.913
-372.799 -344.255 209.542
-373.124 -344.222 209.18
-373.457 -344.188 208.808
-373.824 -344.145 208.405
-374.182 -344.098 208.027
-374.553 -344.041 207.65
-374.937 -343.975 207.275
-375.335 -343.9 206.904
-375.773 -343.807 206.514
-376.226 -343.702 206.133
-376.665 -343.591 205.784
-377.146 -343.46 205.422
-377.606 -343.326 205.091
-378.071 -343.186 204.77
-378.538 -343.039 204.456
-379.003 -342.888 204.149
-379.494 -342.724 203.829
-379.946 -342.571 203.535
-380.417 -342.41 203.227
-380.877 -342.255 202.926
-381.298 -342.117 202.65
-381.71 -341.989 202.379
-382.14 -341.867 202.095
-382.535 -341.768 201.835
-382.922 -341.687 201.579
-383.327 -341.62 201.313
-383.702 -341.575 201.068
-384.098 -341.544 200.814
-384.444 -341.529 200.598
-384.84 -341.526 200.358
-385.239 -341.535 200.126
-385.643 -341.554 199.902
-386.055 -341.582 199.687
-386.883 -341.647 199.293
-387.303 -341.678 199.114
-387.767 -341.709 198.93
-388.221 -341.732 198.765
-388.725 -341.747 198.597
-389.25 -341.754 198.435
-389.76 -341.751 198.29
-390.285 -341.74 198.149
-390.86 -341.719 198.004
-391.413 -341.69 197.872
-392.016 -341.649 197.735
-392.631 -341.598 197.599
-393.217 -341.543 197.469
-393.813 -341.481 197.334
-394.457 -341.409 197.178
-395.11 -341.332 197.008
-395.73 -341.257 196.831
-396.356 -341.18 196.633
-397.029 -341.098 196.397
-397.706 -341.019 196.135
-398.343 -340.949 195.864
-398.98 -340.885 195.568
-399.616 -340.831 195.248
-400.291 -340.784 194.878
-400.919 -340.754 194.505
-401.544 -340.737 194.106
-402.208 -340.733 193.657
-402.871 -340.741 193.185
-403.493 -340.759 192.724
-404.118 -340.787 192.248
-404.79 -340.825 191.726
-405.468 -340.871 191.193
-406.109 -340.921 190.686
-406.755 -340.977 190.176
-407.451 -341.041 189.632
-408.152 -341.108 189.094
-408.77 -341.17 188.63
-409.481 -341.242 188.112
-410.196 -341.314 187.611
-410.823 -341.377 187.187
-411.494 -341.442 186.75
-412.161 -341.503 186.33
-412.91 -341.567 185.878
-413.562 -341.615 185.501
-414.202 -341.656 185.145
-414.829 -341.689 184.811
-415.523 -341.716 184.465
-416.121 -341.733 184.189
-416.744 -341.745 183.93
-417.312 -341.751 183.722
-417.866 -341.754 183.55
-418.441 -341.755 183.411
-418.966 -341.753 183.319
-419.515 -341.75 183.256
-420.025 -341.746 183.223
-420.532 -341.74 183.209
-421.075 -341.733 183.208
-421.625 -341.725 183.215
-422.149 -341.717 183.222
-422.684 -341.709 183.226
-423.303 -341.701 183.229
-423.86 -341.696 183.228
-424.466 -341.693 183.222
-425.085 -341.694 183.212
-425.676 -341.699 183.197
-426.278 -341.708 183.177
-426.89 -341.722 183.152
-427.511 -341.739 183.123
-428.139 -341.759 183.088
-428.773 -341.78 183.05
-429.413 -341.802 183.007
-430.099 -341.826 182.958
-430.746 -341.848 182.908
-431.439 -341.869 182.853
-432.093 -341.887 182.801
-432.795 -341.903 182.747
-433.502 -341.916 182.696
-434.215 -341.925 182.649
-434.889 -341.93 182.61
-435.569 -341.929 182.578
-436.3 -341.924 182.551
-437.036 -341.915 182.531
-437.729 -341.903 182.518
-438.425 -341.887 182.512
-439.123 -341.868 182.511
-439.823 -341.846 182.516
-440.524 -341.822 182.526
-441.225 -341.795 182.541
-441.925 -341.765 182.558
-442.672 -341.73 182.58
-443.417 -341.692 182.602
-444.067 -341.657 182.621
-444.807 -341.613 182.642
-445.543 -341.566 182.661
-446.229 -341.519 182.676
-446.909 -341.47 182.688
-447.628 -341.416 182.697
-448.339 -341.359 182.703
-448.997 -341.304 182.703
-449.689 -341.243 182.7
-450.286 -341.189 182.693
-450.961 -341.127 182.682
-451.63 -341.064 182.668
-452.293 -341.001 182.654
-452.911 -340.943 182.64
-453.527 -340.886 182.627
-454.183 -340.826 182.614
-454.837 -340.769 182.604
-455.448 -340.716 182.596
-456.057 -340.665 182.589
-456.703 -340.613 182.584
-457.305 -340.565 182.581
-457.942 -340.516 182.58
-458.575 -340.469 182.581
-459.163 -340.425 182.583
-459.745 -340.38 182.586
-460.322 -340.334 182.59
-460.93 -340.281 182.593
-461.455 -340.231 182.597
-462.048 -340.168 182.6
-462.596 -340.104 182.602
-463.135 -340.036 182.603
-463.7 -339.961 182.603
-464.254 -339.884 182.601
-464.762 -339.813 182.597
-465.292 -339.738 182.592
-465.808 -339.667 182.584
-466.279 -339.605 182.574
-466.859 -339.533 182.557
-467.217 -339.492 182.543
-467.683 -339.445 182.52
-468.11 -339.407 182.495
-468.528 -339.378 182.464
-468.965 -339.356 182.425
-469.393 -339.343 182.38
-469.815 -339.339 182.33
-470.206 -339.342 182.281
-470.596 -339.352 182.228
-471.011 -339.368 182.171
-471.427 -339.391 182.113
-471.82 -339.416 182.059
-472.242 -339.445 182.002
-472.64 -339.474 181.95
-473.038 -339.503 181.9
-473.438 -339.529 181.852
-473.839 -339.551 181.807
-474.266 -339.569 181.763
-474.693 -339.58 181.723
-475.093 -339.584 181.689
-475.492 -339.582 181.66
-475.89 -339.575 181.634
-476.286 -339.563 181.612
-476.706 -339.544 181.592
-477.124 -339.52 181.577
-477.54 -339.491 181.565
-477.927 -339.46 181.557
-478.338 -339.422 181.551
-478.772 -339.376 181.547
-479.129 -339.335 181.545
-479.51 -339.286 181.542
-479.89 -339.234 181.54
-480.292 -339.176 181.537
-480.666 -339.119 181.534
-481.059 -339.06 181.53
-481.42 -339.005 181.527
-481.773 -338.955 181.523
-482.137 -338.906 181.518
-482.466 -338.867 181.514
-482.786 -338.834 181.509
-483.121 -338.804 181.503
-483.432 -338.78 181.496
-483.744 -338.759 181.489
-484.081 -338.737 181.48
-484.406 -338.718 181.471
-484.763 -338.696 181.459
-485.086 -338.676 181.447
-485.467 -338.648 181.433
-485.86 -338.615 181.418
-486.238 -338.577 181.403
-486.652 -338.528 181.387
-487.078 -338.469 181.37
-487.512 -338.398 181.354
-487.925 -338.324 181.338
-488.339 -338.245 181.323
-488.778 -338.158 181.307
-489.211 -338.07 181.293
-489.608 -337.991 181.279
-489.992 -337.916 181.267
-490.386 -337.842 181.255
-490.738 -337.78 181.244
-491.072 -337.726 181.231
-491.386 -337.68 181.217
-491.679 -337.642 181.199
-491.967 -337.611 181.177
-492.213 -337.592 181.152
-492.435 -337.584 181.122
-492.649 -337.586 181.086
-492.832 -337.598 181.049
-493.011 -337.623 181.006
-493.176 -337.659 180.962
-493.321 -337.704 180.918
-493.459 -337.76 180.873
-493.595 -337.825 180.828
-493.739 -337.902 180.778
-493.889 -337.985 180.726
-494.037 -338.065 180.676
-494.197 -338.145 180.624
-494.384 -338.229 180.566
-494.578 -338.304 180.509
-494.788 -338.374 180.45
-495.027 -338.443 180.385
-495.278 -338.504 180.317
-495.522 -338.553 180.252
