-264.458 -436.992 177.5
-264.458 -436.992 177.5
-264.458 -436.992 177.5
-264.458 -436.992 177.5
-264.458 -436.992 177.5
-264.458 -436.992 177.5
-264.458 -436.992 177.5
-264.458 -436.992 177.499
-264.459 -436.99 177.493
-264.461 -436.988 177.481
-264.465 -436.982 177.458
-264.471 -436.975 177.425
-264.48 -436.964 177.378
-264.491 -436.949 177.314
-264.507 -436.927 177.234
-264.524 -436.9 177.155
-264.543 -436.866 177.084
-264.567 -436.816 177.017
-264.593 -436.756 176.974
-264.621 -436.681 176.96
-264.654 -436.584 176.983
-264.689 -436.474 177.044
-264.723 -436.366 177.131
-264.758 -436.258 177.241
-264.794 -436.153 177.376
-264.828 -436.063 177.525
-264.858 -436.001 177.671
-264.886 -435.965 177.818
-264.914 -435.95 177.982
-264.934 -435.957 178.123
-264.953 -435.977 178.266
-264.966 -436.005 178.4
-264.975 -436.035 178.515
-264.979 -436.062 178.617
-264.979 -436.083 178.706
-264.977 -436.097 178.777
-264.974 -436.107 178.847
-264.972 -436.108 178.898
-264.975 -436.102 178.949
-264.982 -436.087 178.987
-264.996 -436.067 179.015
-265.019 -436.035 179.04
-265.048 -435.997 179.057
-265.084 -435.948 179.07
-265.125 -435.891 179.076
-265.169 -435.825 179.076
-265.212 -435.756 179.071
-265.254 -435.68 179.061
-265.294 -435.602 179.047
-265.34 -435.503 179.028
-265.381 -435.407 179.008
-265.429 -435.284 178.984
-265.486 -435.128 178.954
-265.529 -435.002 178.933
-265.584 -434.83 178.907
-265.645 -434.638 178.883
-265.711 -434.422 178.862
-265.787 -434.178 178.846
-265.866 -433.923 178.837
-265.956 -433.638 178.834
-266.066 -433.3 178.84
-266.191 -432.923 178.855
-266.321 -432.531 178.875
-266.474 -432.07 178.9
-266.619 -431.628 178.922
-266.797 -431.076 178.944
-266.975 -430.51 178.958
-267.163 -429.896 178.963
-267.373 -429.185 178.956
-267.594 -428.419 178.939
-267.811 -427.651 178.916
-268.036 -426.838 178.887
-268.302 -425.864 178.851
-268.546 -424.958 178.819
-268.798 -424.012 178.788
-269.058 -423.027 178.761
-269.361 -421.863 178.735
-269.637 -420.795 178.718
-269.918 -419.69 178.708
-270.206 -418.548 178.707
-270.519 -417.29 178.716
-270.837 -415.991 178.738
-271.139 -414.737 178.771
-271.446 -413.443 178.817
-271.777 -412.02 178.882
-272.112 -410.548 178.964
-272.429 -409.122 179.057
-272.748 -407.651 179.167
-273.089 -406.028 179.304
-273.428 -404.351 179.464
-273.74 -402.727 179.638
-274.041 -401.055 179.836
-274.346 -399.217 180.078
-274.613 -397.443 180.336
-274.857 -395.62 180.626
-275.087 -393.62 180.973
-275.275 -391.693 181.331
-275.434 -389.714 181.717
-275.572 -387.543 182.158
-275.675 -385.309 182.625
-275.741 -383.156 183.083
-275.775 -380.945 183.558
-275.777 -378.524 184.079
-275.746 -376.044 184.604
-275.69 -373.673 185.093
-275.612 -371.263 185.57
-275.507 -368.656 186.059
-275.384 -366.019 186.517
-275.255 -363.526 186.911
-275.116 -361.015 187.272
-274.959 -358.319 187.63
-274.794 -355.606 187.968
-274.634 -353.047 188.278
-274.469 -350.474 188.589
-274.29 -347.715 188.933
-274.109 -344.941 189.298
-273.937 -342.329 189.662
-273.763 -339.707 190.045
-273.576 -336.903 190.472
-273.386 -334.093 190.918
-273.206 -331.456 191.35
-273.023 -328.818 191.794
-272.826 -326.004 192.278
-272.638 -323.367 192.735
-272.444 -320.729 193.185
-272.228 -317.915 193.647
-272.031 -315.45 194.029
-271.809 -312.808 194.406
-271.559 -309.987 194.761
-271.292 -307.166 195.061
-271.023 -304.534 195.299
-270.736 -301.929 195.504
-270.405 -299.196 195.698
-269.931 -295.707 195.933
-269.664 -293.935 196.056
-269.303 -291.745 196.22
-268.836 -289.197 196.442
-268.403 -287.054 196.671
-267.923 -284.884 196.96
-267.493 -283.086 197.262
-266.994 -281.151 197.675
-266.492 -279.349 198.171
-266.022 -277.785 198.724
-265.527 -276.247 199.403
-265.071 -274.917 200.105
-264.595 -273.606 200.902
-264.162 -272.469 201.675
-263.717 -271.342 202.505
-263.319 -270.358 203.267
-262.916 -269.377 204.044
-262.564 -268.52 204.728
-262.24 -267.732 205.365
-261.949 -267.017 205.952
-261.696 -266.382 206.485
-261.484 -265.832 206.96
-261.319 -265.373 207.373
-261.192 -264.969 207.764
-261.132 -264.713 208.045
-261.12 -264.546 208.273
-261.152 -264.464 208.455
-261.225 -264.462 208.599
-261.338 -264.535 208.711
-261.497 -264.689 208.803
-261.694 -264.919 208.875
-261.913 -265.199 208.929
-262.167 -265.54 208.975
-262.478 -265.968 209.02
-262.83 -266.461 209.066
-263.2 -266.98 209.114
-263.638 -267.593 209.177
-264.089 -268.22 209.25
-264.609 -268.945 209.344
-265.129 -269.679 209.448
-265.678 -270.464 209.571
-266.291 -271.358 209.722
-266.928 -272.312 209.896
-267.543 -273.261 210.082
-268.171 -274.262 210.288
-268.896 -275.465 210.541
-269.545 -276.587 210.779
-270.198 -277.769 211.026
-270.854 -279.012 211.278
-271.552 -280.41 211.549
-272.202 -281.788 211.8
-272.845 -283.233 212.045
-273.521 -284.846 212.293
-274.141 -286.423 212.51
-274.746 -288.062 212.706
-275.371 -289.876 212.888
-275.972 -291.756 213.036
-276.511 -293.576 213.142
-277.027 -295.452 213.218
-277.551 -297.514 213.274
-278.052 -299.636 213.313
-278.5 -301.682 213.342
-278.929 -303.78 213.37
-279.367 -306.077 213.406
-279.786 -308.432 213.456
-280.165 -310.696 213.518
-280.532 -313.014 213.598
-280.961 -315.87 213.719
-281.265 -317.984 213.826
-281.611 -320.478 213.97
-281.979 -323.204 214.152
-282.322 -325.823 214.347
-282.665 -328.497 214.563
-283.028 -331.405 214.809
-283.388 -334.364 215.066
-283.723 -337.178 215.312
-284.055 -340.026 215.557
-284.384 -342.902 215.796
-284.708 -345.799 216.028
-285.044 -348.905 216.264
-285.345 -351.824 216.474
-285.628 -354.741 216.672
-285.891 -357.648 216.859
-286.129 -360.537 217.034
-286.352 -363.59 217.207
-286.518 -366.233 217.347
-286.676 -369.227 217.496
-286.799 -372.195 217.633
-286.88 -374.958 217.752
-286.93 -377.706 217.861
-286.945 -380.442 217.962
-286.926 -383.171 218.054
-286.873 -385.892 218.138
-286.778 -388.781 218.218
-286.647 -391.652 218.289
-286.492 -394.323 218.348
-286.307 -396.969 218.398
-286.079 -399.761 218.442
-285.854 -402.173 218.474
-285.571 -404.896 218.502
-285.264 -407.584 218.521
-284.937 -410.239 218.532
-284.637 -412.538 218.533
-284.305 -414.977 218.528
-283.963 -417.393 218.514
-283.592 -419.947 218.49
-283.215 -422.472 218.457
-282.786 -425.265 218.41
-282.499 -427.094 218.374
-282.115 -429.484 218.32
-281.732 -431.81 218.26
-281.376 -433.925 218.201
-281.024 -435.969 218.139
-280.677 -437.936 218.076
-280.336 -439.82 218.01
-279.979 -441.732 217.94
-279.629 -443.535 217.87
-279.31 -445.12 217.804
-278.998 -446.598 217.74
-278.676 -448.051 217.673
-278.311 -449.609 217.594
-278.11 -450.428 217.547
-277.833 -451.509 217.478
-277.593 -452.405 217.411
-277.372 -453.187 217.339
-277.16 -453.893 217.257
-276.977 -454.473 217.168
-276.832 -454.91 217.082
-276.717 -455.251 216.993
-276.629 -455.519 216.9
-276.58 -455.698 216.808
-276.571 -455.792 216.727
-276.605 -455.826 216.645
-276.679 -455.8 216.575
-276.971 -455.602 216.445
-277.184 -455.448 216.386
-277.466 -455.252 216.326
-277.807 -455.029 216.267
-278.183 -454.803 216.213
-278.612 -454.563 216.161
-279.129 -454.295 216.112
-279.666 -454.036 216.077
-280.255 -453.771 216.053
-280.937 -453.485 216.046
-281.628 -453.217 216.059
-282.367 -452.95 216.093
-283.211 -452.668 216.15
-284.113 -452.388 216.221
-285.014 -452.128 216.297
-285.971 -451.87 216.378
-287.054 -451.598 216.463
-288.204 -451.327 216.544
-289.344 -451.075 216.609
-290.547 -450.826 216.663
-291.898 -450.564 216.703
-293.322 -450.308 216.721
-294.724 -450.073 216.714
-296.193 -449.844 216.682
-297.833 -449.606 216.615
-299.551 -449.375 216.515
-301.232 -449.159 216.393
-302.982 -448.941 216.248
-304.924 -448.702 216.07
-306.946 -448.452 215.872
-308.912 -448.202 215.672
-310.948 -447.935 215.46
-313.192 -447.626 215.224
-315.503 -447.289 214.981
-317.724 -446.945 214.748
-319.992 -446.57 214.514
-322.454 -446.132 214.266
-324.955 -445.652 214.021
-327.168 -445.196 213.813
-329.726 -444.632 213.583
-332.15 -444.063 213.379
-334.599 -443.455 213.188
-337.239 -442.765 213.001
-339.907 -442.032 212.833
-342.434 -441.305 212.697
-344.983 -440.543 212.582
-347.548 -439.749 212.487
-350.291 -438.875 212.408
-352.861 -438.035 212.352
-355.421 -437.182 212.314
-358.468 -436.151 212.288
-360.811 -435.349 212.282
-363.288 -434.496 212.288
-365.726 -433.653 212.305
-368.277 -432.768 212.33
-370.926 -431.85 212.362
-373.054 -431.113 212.389
-375.276 -430.348 212.417
-377.575 -429.563 212.443
-379.933 -428.765 212.462
-381.808 -428.135 212.472
-383.748 -427.485 212.475
-385.739 -426.817 212.471
-387.647 -426.174 212.458
-389.359 -425.591 212.437
-391.837 -424.73 212.388
-392.656 -424.441 212.366
-394.13 -423.912 212.317
-395.609 -423.371 212.254
-397.238 -422.76 212.163
-398.116 -422.423 212.103
-399.234 -421.985 212.009
-400.386 -421.519 211.889
-401.245 -421.159 211.781
-402.075 -420.796 211.658
-402.813 -420.456 211.53
-403.5 -420.117 211.393
-404.052 -419.82 211.267
-404.516 -419.542 211.145
-404.894 -419.282 211.029
-405.207 -419.025 210.913
-405.447 -418.779 210.793
-405.579 -418.597 210.696
-405.663 -418.425 210.591
-405.691 -418.27 210.476
-405.665 -418.145 210.355
-405.601 -418.061 210.243
-405.484 -417.992 210.103
-405.319 -417.949 209.945
-405.106 -417.93 209.765
-404.864 -417.93 209.573
-404.58 -417.946 209.353
-404.232 -417.977 209.084
-403.836 -418.022 208.781
-403.419 -418.077 208.474
-402.955 -418.143 208.154
-402.405 -418.228 207.808
-401.796 -418.327 207.466
-401.17 -418.434 207.159
-400.44 -418.561 206.855
-399.643 -418.704 206.58
-398.834 -418.851 206.35
-397.903 -419.022 206.135
-396.899 -419.207 205.953
-395.891 -419.392 205.814
-394.817 -419.589 205.706
-393.595 -419.812 205.626
-392.294 -420.05 205.575
-390.824 -420.323 205.542
-389.639 -420.549 205.524
-388.105 -420.849 205.504
-386.488 -421.177 205.476
-384.896 -421.512 205.434
-383.23 -421.875 205.372
-381.491 -422.264 205.29
-379.559 -422.703 205.184
-377.676 -423.134 205.07
-375.728 -423.582 204.942
-373.579 -424.073 204.795
-371.36 -424.576 204.638
-369.075 -425.088 204.474
-366.583 -425.644 204.296
-364.487 -426.112 204.148
-362.203 -426.624 203.991
-359.729 -427.184 203.828
-357.382 -427.724 203.682
-354.697 -428.356 203.527
-352.311 -428.93 203.399
-349.915 -429.519 203.275
-347.516 -430.122 203.152
-344.8 -430.821 203.009
-342.412 -431.451 202.876
-340.038 -432.092 202.732
-337.528 -432.789 202.565
-335.048 -433.497 202.384
-332.607 -434.214 202.193
-330.361 -434.894 202.01
-328.165 -435.58 201.825
-326.024 -436.27 201.642
-323.674 -437.058 201.44
-321.807 -437.708 201.282
-319.879 -438.401 201.119
-317.91 -439.126 200.952
-316.153 -439.786 200.799
-314.485 -440.42 200.648
-312.812 -441.058 200.488
-311.347 -441.614 200.337
-309.987 -442.124 200.185
-308.57 -442.643 200.012
-307.428 -443.048 199.861
-306.386 -443.402 199.712
-305.383 -443.721 199.558
-304.491 -443.98 199.411
-303.707 -444.175 199.273
-303.067 -444.303 199.153
-302.514 -444.38 199.045
-302.014 -444.412 198.946
-301.599 -444.396 198.867
-301.282 -444.343 198.813
-301.03 -444.255 198.783
-300.826 -444.129 198.778
-300.683 -443.976 198.805
-300.604 -443.824 198.855
-300.564 -443.65 198.937
-300.567 -443.458 199.059
-300.611 -443.264 199.218
-300.687 -443.089 199.402
-300.791 -442.925 199.622
-300.93 -442.763 199.905
-301.096 -442.614 200.247
-301.274 -442.483 200.63
-301.47 -442.361 201.083
-301.699 -442.239 201.653
-301.928 -442.132 202.278
-302.17 -442.029 202.999
-302.421 -441.93 203.825
-302.678 -441.833 204.764
-302.958 -441.729 205.9
-303.22 -441.631 207.1
-303.48 -441.528 208.44
-303.751 -441.413 210.032
-304.012 -441.288 211.8
-304.244 -441.16 213.615
-304.461 -441.019 215.58
-304.674 -440.853 217.84
-304.852 -440.68 220.108
-305.016 -440.474 222.686
-305.15 -440.243 225.424
-305.247 -440.003 228.136
-305.315 -439.746 230.989
-305.356 -439.454 234.192
-305.363 -439.15 237.559
-305.337 -438.835 241.094
-305.284 -438.555 244.325
-305.191 -438.231 248.176
-305.059 -437.905 252.181
-304.9 -437.596 256.051
-304.707 -437.286 260.009
-304.462 -436.953 264.305
-304.18 -436.621 268.651
-303.882 -436.312 272.746
-303.555 -436.007 276.839
-303.173 -435.685 281.184
-302.786 -435.381 285.216
-302.37 -435.073 289.192
-301.898 -434.737 293.351
-301.431 -434.413 297.155
-300.909 -434.056 301.093
-300.401 -433.71 304.654
-299.881 -433.356 308.073
-299.283 -432.947 311.757
-298.756 -432.585 314.821
-298.234 -432.225 317.694
-297.725 -431.871 320.362
-297.173 -431.481 323.119
-296.713 -431.151 325.307
-296.257 -430.817 327.395
-295.844 -430.503 329.236
-295.501 -430.227 330.744
-295.204 -429.972 332.047
-294.942 -429.723 333.218
-294.742 -429.499 334.169
-294.611 -429.31 334.867
-294.533 -429.143 335.387
-294.505 -428.987 335.752
-294.532 -428.853 335.929
-294.604 -428.746 335.933
-294.718 -428.656 335.787
-294.883 -428.578 335.473
-295.076 -428.52 335.039
-295.32 -428.477 334.437
-295.603 -428.451 333.703
-295.9 -428.444 332.903
-296.227 -428.454 332.005
-296.581 -428.479 331.016
-296.96 -428.522 329.947
-297.389 -428.584 328.729
-297.871 -428.667 327.359
-298.286 -428.746 326.184
-298.745 -428.841 324.886
-299.219 -428.945 323.559
-299.704 -429.056 322.213
-300.2 -429.174 320.856
-300.738 -429.305 319.4
-301.248 -429.432 318.027
-301.797 -429.57 316.555
-302.313 -429.701 315.17
-302.864 -429.841 313.687
-303.378 -429.971 312.292
-303.888 -430.1 310.894
-304.393 -430.228 309.493
-304.926 -430.364 307.995
-305.418 -430.493 306.588
-305.903 -430.625 305.177
-306.442 -430.777 303.574
-306.907 -430.916 302.157
-307.392 -431.07 300.643
-307.868 -431.234 299.13
-308.305 -431.398 297.717
-308.735 -431.574 296.31
-309.187 -431.779 294.82
-309.632 -432.005 293.346
-310.046 -432.237 291.979
-310.51 -432.525 290.449
-310.863 -432.765 289.288
-311.268 -433.062 287.958
-311.698 -433.404 286.547
-312.128 -433.773 285.14
-312.557 -434.169 283.734
-312.986 -434.591 282.325
-313.389 -435.01 280.999
-313.792 -435.446 279.664
-314.22 -435.929 278.227
-314.647 -436.426 276.774
-315.046 -436.902 275.392
-315.443 -437.384 273.99
-315.863 -437.902 272.468
-316.228 -438.356 271.111
-316.613 -438.841 269.632
-316.992 -439.32 268.123
-317.389 -439.824 266.48
-317.752 -440.285 264.906
-318.105 -440.733 263.298
-318.447 -441.167 261.656
-318.804 -441.613 259.873
-319.174 -442.07 257.949
-319.476 -442.434 256.347
-319.797 -442.812 254.62
-320.14 -443.204 252.77
-320.507 -443.609 250.804
-320.814 -443.934 249.19
-321.148 -444.274 247.472
-321.509 -444.631 245.66
-321.853 -444.96 243.988
-322.226 -445.306 242.24
-322.607 -445.649 240.536
-322.97 -445.97 238.986
-323.363 -446.309 237.389
-323.753 -446.643 235.853
-324.09 -446.927 234.564
-324.463 -447.242 233.156
-324.817 -447.542 231.822
-325.128 -447.807 230.642
-325.432 -448.07 229.464
-325.691 -448.298 228.437
-325.94 -448.523 227.427
-326.163 -448.728 226.508
-326.36 -448.914 225.684
-326.524 -449.072 225.001
-326.677 -449.223 224.369
-326.801 -449.349 223.868
-326.914 -449.468 223.428
-327.003 -449.567 223.097
-327.079 -449.656 222.842
-327.145 -449.741 222.646
-327.197 -449.818 222.525
-327.236 -449.883 222.474
-327.267 -449.942 222.478
-327.293 -449.999 222.534
-327.316 -450.047 222.635
-327.338 -450.087 222.774
-327.36 -450.115 222.931
-327.386 -450.132 223.093
-327.42 -450.141 223.279
-327.463 -450.138 223.474
-327.523 -450.12 223.691
-327.599 -450.082 223.918
-327.695 -450.023 224.154
-327.806 -449.945 224.384
-327.939 -449.843 224.622
-328.108 -449.706 224.885
-328.308 -449.533 225.156
-328.526 -449.335 225.418
-328.794 -449.079 225.704
-329.08 -448.794 225.98
-329.402 -448.459 226.262
-329.788 -448.042 226.569
-330.219 -447.56 226.882
-330.663 -447.046 227.179
-331.144 -446.474 227.477
-331.697 -445.798 227.794
-332.289 -445.055 228.107
-332.877 -444.297 228.394
-333.538 -443.423 228.693
-334.188 -442.542 228.964
-334.911 -441.54 229.245
-335.664 -440.476 229.521
-336.444 -439.353 229.793
-337.199 -438.25 230.047
-337.974 -437.099 230.301
-338.823 -435.822 230.576
-339.692 -434.496 230.854
-340.582 -433.125 231.132
-341.377 -431.889 231.375
-342.245 -430.529 231.631
-343.131 -429.135 231.883
-344.094 -427.612 232.144
-345.076 -426.054 232.394
-346.013 -424.561 232.617
-347.029 -422.934 232.837
-347.996 -421.374 233.025
-348.975 -419.78 233.189
-350.032 -418.042 233.336
-351.101 -416.261 233.45
-352.112 -414.554 233.523
-353.131 -412.807 233.563
-354.223 -410.898 233.572
-355.32 -408.941 233.547
-356.349 -407.059 233.493
-357.378 -405.132 233.413
-358.403 -403.155 233.305
-359.493 -400.992 233.163
-360.576 -398.771 232.993
-361.653 -396.491 232.797
-362.657 -394.299 232.591
-363.653 -392.053 232.364
-364.708 -389.596 232.101
-365.753 -387.076 231.818
-366.723 -384.66 231.536
-367.682 -382.202 231.243
-368.626 -379.713 230.942
-369.614 -377.037 230.617
-370.523 -374.518 230.314
-371.471 -371.833 229.997
-372.338 -369.328 229.711
-373.241 -366.676 229.419
-374.064 -364.207 229.155
-374.866 -361.756 228.898
-375.697 -359.16 228.632
-376.502 -356.583 228.37
-377.233 -354.184 228.126
-377.941 -351.803 227.882
-378.669 -349.288 227.62
-379.369 -346.81 227.353
-379.998 -344.53 227.097
-380.601 -342.3 226.832
-381.216 -339.986 226.539
-381.836 -337.613 226.214
-382.288 -335.864 225.954
-382.79 -333.92 225.649
-383.305 -331.936 225.324
-383.838 -329.935 224.988
-384.3 -328.261 224.709
-384.728 -326.781 224.469
-385.22 -325.187 224.227
-385.748 -323.611 224.014
-386.187 -322.406 223.872
-386.658 -321.209 223.751
-387.159 -320.042 223.656
-387.656 -318.99 223.593
-388.177 -318.001 223.559
-388.628 -317.24 223.555
-389.067 -316.583 223.574
-389.493 -316.028 223.615
-389.903 -315.571 223.677
-390.293 -315.209 223.762
-390.687 -314.925 223.874
-391.052 -314.742 224.01
-391.367 -314.66 224.157
-391.652 -314.66 224.322
-391.926 -314.749 224.513
-392.166 -314.924 224.714
-392.362 -315.164 224.908
-392.54 -315.498 225.116
-392.677 -315.88 225.309
-392.791 -316.357 225.508
-392.869 -316.87 225.686
-392.922 -317.483 225.868
-392.943 -318.119 226.029
-392.939 -318.813 226.18
-392.906 -319.617 226.331
-392.844 -320.483 226.471
-392.756 -321.411 226.598
-392.656 -322.273 226.701
-392.528 -323.247 226.805
-392.379 -324.274 226.905
-392.196 -325.425 227.008
-391.992 -326.634 227.11
-391.781 -327.818 227.208
-391.551 -329.052 227.309
-391.285 -330.42 227.421
-390.997 -331.839 227.538
-390.704 -333.216 227.654
-390.39 -334.635 227.776
-390.053 -336.094 227.905
-389.668 -337.694 228.052
-389.282 -339.233 228.196
-388.873 -340.812 228.345
-388.44 -342.431 228.495
-387.952 -344.205 228.653
-387.437 -346.028 228.806
-386.896 -347.902 228.95
-386.329 -349.827 229.082
-385.735 -351.801 229.199
-385.157 -353.688 229.295
-384.559 -355.605 229.378
-383.901 -357.675 229.451
-383.224 -359.764 229.508
-382.574 -361.734 229.545
-381.91 -363.708 229.568
-381.185 -365.818 229.578
-380.441 -367.933 229.577
-379.675 -370.054 229.569
-378.884 -372.182 229.558
-378.013 -374.451 229.547
-377.324 -376.193 229.541
-376.448 -378.343 229.541
-375.544 -380.499 229.547
-374.674 -382.523 229.56
-373.845 -384.413 229.577
-372.82 -386.705 229.606
-371.904 -388.723 229.639
-370.917 -390.87 229.681
-370.048 -392.738 229.722
-369.054 -394.859 229.766
-368.061 -396.955 229.8
-367.136 -398.895 229.816
-366.22 -400.803 229.811
-365.257 -402.797 229.773
-364.313 -404.744 229.697
-363.449 -406.52 229.586
-362.605 -408.243 229.439
-361.73 -410.014 229.244
-360.881 -411.712 229.008
-360.112 -413.229 228.753
-359.37 -414.668 228.465
-358.61 -416.113 228.124
-357.884 -417.462 227.755
-357.235 -418.641 227.391
-356.617 -419.739 227.02
-355.993 -420.821 226.624
-355.441 -421.755 226.261
-354.89 -422.665 225.892
-354.376 -423.488 225.551
-353.929 -424.185 225.257
-353.516 -424.814 224.988
-353.112 -425.413 224.73
-352.745 -425.943 224.5
-352.434 -426.382 224.312
-352.138 -426.792 224.139
-351.893 -427.126 224.003
-351.661 -427.437 223.881
-351.468 -427.691 223.783
-351.295 -427.916 223.699
-351.139 -428.118 223.623
-350.997 -428.303 223.553
-350.856 -428.488 223.479
-350.721 -428.667 223.402
-350.604 -428.821 223.333
-350.467 -428.998 223.25
-350.331 -429.168 223.166
-350.172 -429.358 223.071
-349.995 -429.56 222.967
-349.806 -429.764 222.862
-349.581 -429.996 222.741
-349.333 -430.239 222.615
-349.083 -430.472 222.493
-348.817 -430.706 222.369
-348.537 -430.938 222.246
-348.247 -431.164 222.126
-347.927 -431.394 222.002
-347.621 -431.597 221.893
-347.313 -431.788 221.79
-346.987 -431.975 221.691
-346.687 -432.135 221.608
-346.396 -432.278 221.537
-346.118 -432.404 221.478
-345.84 -432.517 221.431
-345.598 -432.605 221.402
-345.359 -432.678 221.387
-345.115 -432.736 221.392
-344.968 -432.762 221.408
-344.8 -432.778 221.442
-344.642 -432.778 221.496
-344.514 -432.762 221.564
-344.403 -432.731 221.644
-344.305 -432.683 221.738
-344.224 -432.621 221.837
-344.163 -432.551 221.929
-344.115 -432.47 222.017
-344.078 -432.374 222.101
-344.054 -432.269 222.173
-344.042 -432.165 222.229
-344.041 -432.056 222.277
-344.051 -431.946 222.317
-344.07 -431.835 222.351
-344.102 -431.719 222.381
-344.147 -431.601 222.409
-344.192 -431.509 222.429
-344.247 -431.415 222.448
-344.308 -431.326 222.465
-344.376 -431.236 222.482
-344.442 -431.157 222.496
-344.513 -431.077 222.51
-344.579 -431.007 222.523
-344.643 -430.941 222.537
-344.709 -430.88 222.551
-344.781 -430.818 222.568
-344.852 -430.765 222.586
-344.929 -430.715 222.607
-345.026 -430.662 222.635
-345.113 -430.622 222.663
-345.214 -430.582 222.696
-345.33 -430.542 222.735
-345.451 -430.502 222.777
-345.568 -430.467 222.819
-345.696 -430.428 222.865
-345.823 -430.389 222.912
-345.942 -430.351 222.957
-346.067 -430.309 223.004
-346.18 -430.269 223.049
-346.304 -430.223 223.1
-346.409 -430.183 223.145
-346.514 -430.14 223.194
-346.606 -430.1 223.24
-346.691 -430.061 223.287
-346.776 -430.021 223.339
-346.856 -429.98 223.395
-346.933 -429.939 223.454
-347.003 -429.901 223.515
-347.073 -429.861 223.582
-347.149 -429.818 223.661
-347.228 -429.772 223.748
-347.308 -429.722 223.842
-347.382 -429.674 223.928
-347.468 -429.613 224.03
-347.553 -429.548 224.128
-347.654 -429.463 224.24
-347.734 -429.39 224.326
-347.831 -429.297 224.425
-347.931 -429.195 224.524
-348.042 -429.079 224.627
-348.143 -428.972 224.717
-348.255 -428.854 224.811
-348.378 -428.726 224.909
-348.505 -428.596 225.005
-348.62 -428.482 225.087
-348.766 -428.343 225.185
-348.89 -428.229 225.266
-349.038 -428.1 225.36
-349.184 -427.979 225.449
-349.347 -427.851 225.547
-349.507 -427.733 225.642
-349.675 -427.614 225.74
-349.861 -427.484 225.847
-350.054 -427.349 225.957
-350.241 -427.215 226.061
-350.434 -427.071 226.167
-350.645 -426.905 226.279
-350.862 -426.725 226.392
-351.073 -426.542 226.495
-351.291 -426.347 226.595
-351.533 -426.126 226.694
-351.805 -425.875 226.79
-352.04 -425.658 226.859
-352.306 -425.415 226.922
-352.606 -425.14 226.976
-352.902 -424.862 227.016
-353.214 -424.557 227.049
-353.54 -424.219 227.076
-353.905 -423.815 227.102
-354.287 -423.356 227.127
-354.687 -422.837 227.154
-355.103 -422.249 227.185
-355.511 -421.63 227.219
-355.934 -420.941 227.259
-356.405 -420.122 227.31
-356.833 -419.33 227.364
-357.341 -418.334 227.436
-357.868 -417.235 227.52
-358.379 -416.114 227.606
-358.939 -414.83 227.696
-359.476 -413.55 227.773
-360.022 -412.203 227.835
-360.611 -410.7 227.878
-361.206 -409.136 227.888
-361.767 -407.621 227.861
-362.33 -406.066 227.8
-362.933 -404.368 227.698
-363.539 -402.638 227.559
-364.11 -400.992 227.399
-364.684 -399.33 227.209
-365.3 -397.544 226.977
-365.88 -395.865 226.733
-366.54 -393.964 226.428
-367.122 -392.296 226.133
-367.702 -390.642 225.816
-368.278 -389.01 225.479
-368.887 -387.299 225.097
-369.453 -385.73 224.719
-370.011 -384.199 224.326
-370.597 -382.604 223.892
-371.138 -381.145 223.477
-371.67 -379.718 223.057
-372.225 -378.231 222.608
-372.735 -376.868 222.19
-373.266 -375.445 221.751
-373.782 -374.055 221.323
-374.252 -372.781 220.93
-374.707 -371.537 220.546
-375.175 -370.244 220.146
-375.624 -368.987 219.757
-376.027 -367.841 219.401
-376.412 -366.729 219.055
-376.802 -365.58 218.697
-377.172 -364.471 218.354
-377.502 -363.47 218.048
-377.817 -362.508 217.758
-378.135 -361.526 217.47
-378.419 -360.648 217.221
-378.689 -359.813 216.995
-378.945 -359.024 216.79
-379.201 -358.236 216.593
-379.439 -357.507 216.417
-379.644 -356.879 216.271
-379.843 -356.272 216.133
-380.01 -355.764 216.018
-380.167 -355.291 215.912
-380.296 -354.912 215.829
-380.414 -354.576 215.76
-380.508 -354.325 215.716
-380.591 -354.126 215.693
-380.658 -353.998 215.697
-380.71 -353.941 215.73
-380.749 -353.961 215.798
-380.767 -354.033 215.872
-380.775 -354.18 215.983
-380.768 -354.415 216.129
-380.746 -354.711 216.293
-380.71 -355.083 216.482
-380.654 -355.565 216.711
-380.58 -356.135 216.968
-380.494 -356.747 217.23
-380.391 -357.43 217.51
-380.263 -358.234 217.827
-380.115 -359.113 218.159
-379.959 -360.002 218.482
-379.76 -361.082 218.857
-379.577 -362.027 219.171
-379.346 -363.165 219.531
-379.105 -364.286 219.865
-378.84 -365.455 220.194
-378.529 -366.753 220.535
-378.186 -368.099 220.86
-377.835 -369.404 221.148
-377.453 -370.749 221.419
-376.98 -372.322 221.703
-376.527 -373.753 221.932
-376.004 -375.323 222.152
-375.438 -376.939 222.346
-374.867 -378.494 222.504
-374.215 -380.195 222.647
-373.611 -381.715 222.755
-372.931 -383.372 222.858
-372.124 -385.283 222.963
-371.384 -386.993 223.052
-370.62 -388.722 223.142
-369.836 -390.466 223.238
-368.981 -392.34 223.347
-368.108 -394.231 223.462
-367.22 -396.138 223.581
-366.32 -398.063 223.703
-365.468 -399.884 223.817
-364.61 -401.721 223.929
-363.747 -403.575 224.038
-362.883 -405.438 224.138
-361.963 -407.427 224.227
-361.049 -409.407 224.289
-360.2 -411.244 224.315
-359.363 -413.054 224.302
-358.542 -414.828 224.245
-357.739 -416.556 224.137
-356.907 -418.342 223.972
-356.1 -420.059 223.762
-355.322 -421.698 223.516
-354.575 -423.249 223.242
-353.906 -424.616 222.967
-353.267 -425.891 222.681
-352.624 -427.145 222.373
-352.022 -428.291 222.07
-351.497 -429.273 221.801
-351.014 -430.168 221.552
-350.49 -431.132 221.294
-350.128 -431.803 221.131
-349.806 -432.408 221.008
-349.488 -433.021 220.917
-349.22 -433.557 220.873
-349.012 -433.991 220.865
-348.832 -434.387 220.886
-348.692 -434.717 220.928
-348.594 -434.969 220.98
-348.522 -435.183 221.041
-348.481 -435.335 221.1
-348.465 -435.451 221.166
-348.471 -435.52 221.23
-348.498 -435.557 221.301
-348.542 -435.56 221.375
-348.602 -435.536 221.45
-348.668 -435.492 221.523
-348.743 -435.431 221.597
-348.829 -435.353 221.674
-348.909 -435.275 221.74
-349.003 -435.181 221.812
-349.098 -435.084 221.878
-349.191 -434.989 221.937
-349.271 -434.911 221.982
-349.358 -434.826 222.028
-349.437 -434.75 222.067
-349.513 -434.677 222.104
-349.595 -434.598 222.146
-349.664 -434.529 222.184
-349.735 -434.458 222.228
-349.798 -434.392 222.274
-349.863 -434.324 222.327
-349.918 -434.267 222.377
-349.975 -434.211 222.434
-350.032 -434.159 222.494
-350.093 -434.111 222.561
-350.15 -434.074 222.628
-350.208 -434.043 222.697
-350.27 -434.015 222.775
-350.333 -433.988 222.859
-350.397 -433.959 222.95
-350.453 -433.931 223.036
-350.514 -433.894 223.136
-350.579 -433.845 223.253
-350.645 -433.784 223.38
-350.713 -433.712 223.52
-350.777 -433.634 223.662
-350.844 -433.546 223.818
-350.913 -433.447 223.986
-350.984 -433.338 224.168
-351.063 -433.211 224.379
-351.146 -433.072 224.606
-351.227 -432.934 224.831
-351.311 -432.788 225.067
-351.447 -432.551 225.448
-351.503 -432.455 225.603
-351.599 -432.292 225.866
-351.706 -432.113 226.152
-351.809 -431.942 226.423
-351.915 -431.767 226.694
-352.031 -431.576 226.98
-352.149 -431.382 227.26
-352.267 -431.183 227.53
-352.371 -431.006 227.756
-352.483 -430.813 227.987
-352.594 -430.62 228.208
-352.718 -430.402 228.452
-352.826 -430.214 228.663
-352.932 -430.032 228.875
-353.042 -429.846 229.105
-353.148 -429.672 229.342
-353.258 -429.497 229.605
-353.348 -429.357 229.829
-353.445 -429.205 230.078
-353.544 -429.047 230.336
-353.653 -428.867 230.621
-353.762 -428.682 230.898
-353.877 -428.477 231.184
-354.001 -428.244 231.481
-354.145 -427.956 231.807
-354.285 -427.663 232.101
-354.451 -427.3 232.425
-354.648 -426.847 232.78
-354.868 -426.316 233.144
-355.099 -425.741 233.493
-355.352 -425.09 233.85
-355.644 -424.312 234.238
-355.935 -423.508 234.608
-356.242 -422.633 234.982
-356.562 -421.689 235.361
-356.892 -420.678 235.743
-357.253 -419.527 236.153
-357.62 -418.304 236.569
-357.963 -417.092 236.967
-358.303 -415.819 237.377
-358.636 -414.486 237.801
-358.977 -413 238.272
-359.3 -411.449 238.766
-359.584 -409.936 239.256
-359.865 -408.257 239.823
-360.108 -406.619 240.411
-360.346 -404.801 241.117
-360.549 -403.027 241.867
-360.743 -401.056 242.778
-360.914 -399.002 243.821
-361.061 -396.864 245.008
-361.181 -394.788 246.255
-361.284 -392.646 247.633
-361.374 -390.442 249.146
-361.451 -388.179 250.794
-361.519 -385.861 252.582
-361.581 -383.331 254.644
-361.631 -380.911 256.717
-361.673 -378.449 258.911
-361.713 -375.616 261.527
-361.741 -373.085 263.935
-361.764 -370.532 266.422
-361.784 -367.961 268.975
-361.802 -365.206 271.755
-361.817 -362.274 274.752
-361.824 -359.862 277.239
-361.824 -356.945 280.259
-361.814 -354.389 282.907
-361.792 -351.691 285.695
-361.763 -349.194 288.259
-361.724 -346.738 290.759
-361.675 -344.171 293.348
-361.62 -341.67 295.849
-361.568 -339.392 298.108
-361.516 -337.188 300.28
-361.465 -334.927 302.493
-361.423 -332.769 304.594
-361.394 -330.845 306.458
-361.376 -329.018 308.221
-361.37 -327.287 309.884
-361.375 -325.547 311.551
-361.392 -324.016 313.014
-361.42 -322.581 314.382
-361.463 -321.156 315.739
-361.517 -319.841 316.987
-361.576 -318.705 318.052
-361.643 -317.664 319.009
-361.719 -316.655 319.902
-361.798 -315.75 320.656
-361.873 -314.996 321.229
-361.946 -314.332 321.666
-362.017 -313.757 321.97
-362.09 -313.243 322.157
-362.154 -312.854 322.211
-362.215 -312.556 322.158
-362.271 -312.348 322.006
-362.321 -312.231 321.763
-362.368 -312.206 321.413
-362.407 -312.284 320.981
-362.436 -312.452 320.51
-362.459 -312.71 319.986
-362.477 -313.087 319.378
-362.488 -313.567 318.73
-362.493 -314.152 318.053
-362.49 -314.84 317.358
-362.484 -315.576 316.688
-362.477 -316.453 315.955
-362.471 -317.356 315.249
-362.468 -318.403 314.474
-362.471 -319.458 313.725
-362.484 -320.657 312.903
-362.505 -321.847 312.108
-362.535 -323.099 311.291
-362.584 -324.682 310.28
-362.626 -325.88 309.531
-362.683 -327.317 308.645
-362.752 -328.913 307.676
-362.83 -330.575 306.683
-362.909 -332.191 305.728
-362.995 -333.974 304.681
-363.08 -335.818 303.602
-363.156 -337.6 302.558
-363.223 -339.432 301.481
-363.283 -341.441 300.292
-363.326 -343.503 299.059
-363.35 -345.484 297.867
-363.358 -347.51 296.647
-363.35 -349.719 295.323
-363.324 -351.978 293.981
-363.284 -354.139 292.716
-363.229 -356.342 291.451
-363.16 -358.586 290.191
-363.066 -361.175 288.776
-362.978 -363.341 287.626
-362.874 -365.695 286.412
-362.747 -368.4 285.067
-362.629 -370.817 283.91
-362.507 -373.26 282.787
-362.383 -375.726 281.699
-362.246 -378.378 280.574
-362.102 -381.049 279.48
-361.959 -383.565 278.477
-361.805 -386.09 277.492
-361.628 -388.789 276.454
-361.435 -391.488 275.426
-361.252 -393.847 274.531
-361.028 -396.532 273.513
-360.805 -399.033 272.564
-360.57 -401.514 271.619
-360.326 -403.968 270.679
-360.038 -406.709 269.621
-359.777 -409.086 268.692
-359.513 -411.419 267.77
-359.232 -413.858 266.793
-358.974 -416.095 265.886
-358.726 -418.28 264.987
-358.477 -420.553 264.038
-358.249 -422.763 263.101
-358.048 -424.907 262.177
-357.886 -426.854 261.32
-357.758 -428.614 260.529
-357.64 -430.555 259.633
-357.553 -432.419 258.744
-357.5 -434.091 257.914
-357.475 -435.69 257.089
-357.479 -437.309 256.211
-357.516 -438.932 255.287
-357.569 -440.191 254.541
-357.652 -441.541 253.712
-357.748 -442.722 252.964
-357.867 -443.887 252.206
-357.991 -444.89 251.54
-358.135 -445.866 250.882
-358.29 -446.749 250.278
-358.443 -447.499 249.759
-358.603 -448.18 249.284
-358.781 -448.838 248.824
-358.953 -449.394 248.434
-359.13 -449.9 248.082
-359.333 -450.417 247.727
-359.514 -450.827 247.448
-359.694 -451.197 247.197
-359.883 -451.552 246.955
-360.068 -451.868 246.735
-360.246 -452.15 246.534
-360.405 -452.386 246.357
-360.555 -452.598 246.19
-360.706 -452.798 246.021
-360.844 -452.974 245.86
-360.964 -453.12 245.716
-361.983 -454.589 243.093
-361.983 -454.589 243.093
-361.983 -454.589 243.093
-361.983 -454.589 243.093
-361.983 -454.589 243.093
-361.983 -454.589 243.093
-361.983 -454.589 243.093
-361.983 -454.589 243.093
-361.983 -454.589 243.093
-361.983 -454.589 243.093
-361.984 -454.59 243.094
-361.984 -454.59 243.094
-361.985 -454.591 243.094
-361.987 -454.592 243.095
-361.989 -454.594 243.096
-361.992 -454.596 243.098
-361.995 -454.598 243.099
-361.996 -454.599 243.099
-361.997 -454.6 243.1
-361.997 -454.6 243.1
-361.996 -454.599 243.099
-361.994 -454.598 243.098
-361.992 -454.596 243.097
-361.99 -454.595 243.096
-361.989 -454.594 243.096
-361.988 -454.593 243.095
-361.987 -454.592 243.095
-361.987 -454.592 243.095
-361.987 -454.592 243.095
-361.987 -454.593 243.095
-361.988 -454.593 243.095
-361.989 -454.594 243.096
-361.99 -454.595 243.096
-361.991 -454.595 243.097
-361.992 -454.596 243.097
-361.992 -454.596 243.097
-361.992 -454.596 243.097
-361.992 -454.596 243.097
-361.992 -454.596 243.097
-361.992 -454.596 243.097
-361.991 -454.595 243.097
-361.991 -454.595 243.097
-361.99 -454.595 243.096
-361.99 -454.595 243.096
-361.99 -454.594 243.096
-361.99 -454.594 243.096
-361.99 -454.594 243.096
-361.99 -454.594 243.096
-361.99 -454.594 243.096
-361.99 -454.594 243.096
-361.99 -454.595 243.096
-361.99 -454.595 243.096
-361.991 -454.595 243.096
-361.991 -454.595 243.097
-361.991 -454.595 243.097
-361.991 -454.596 243.097
-361.991 -454.596 243.097
-361.991 -454.596 243.097
-361.991 -454.595 243.097
-361.991 -454.595 243.097
-361.991 -454.595 243.096
-361.991 -454.595 243.096
-361.99 -454.595 243.096
-361.99 -454.595 243.096
-361.99 -454.595 243.096
-361.99 -454.595 243.096
-361.99 -454.595 243.096
-361.99 -454.595 243.096
-361.99 -454.595 243.096
-361.99 -454.595 243.096
-361.99 -454.595 243.096
-361.991 -454.595 243.096
-361.991 -454.595 243.096
-361.991 -454.595 243.096
-361.991 -454.595 243.096
-361.991 -454.595 243.096
-361.991 -454.595 243.096
-361.991 -454.595 243.096
-361.991 -454.595 243.096
-361.991 -454.595 243.096
-361.991 -454.595 243.096
-361.991 -454.595 243.096
-361.991 -454.595 243.096
-361.991 -454.595 243.096
-361.991 -454.595 243.096
-361.991 -454.595 243.096
-361.991 -454.595 243.096
-361.991 -454.595 243.096
-361.991 -454.595 243.096
-361.991 -454.595 243.096
-361.991 -454.595 243.095
-361.991 -454.595 243.095
-361.991 -454.595 243.095
-361.991 -454.595 243.096
-361.991 -454.595 243.096
-361.991 -454.595 243.096
-361.991 -454.595 243.096
-361.991 -454.595 243.096
-361.991 -454.595 243.096
-361.991 -454.595 243.096
-361.991 -454.595 243.096
-361.991 -454.595 243.096
-361.991 -454.595 243.095
-361.991 -454.595 243.095
-361.991 -454.595 243.095
-361.991 -454.595 243.095
-361.991 -454.595 243.095
-361.991 -454.595 243.095
-361.991 -454.595 243.095
-361.991 -454.595 243.095
-361.991 -454.595 243.095
-361.991 -454.595 243.095
-361.992 -454.596 243.095
-361.992 -454.596 243.095
-361.992 -454.596 243.095
-361.992 -454.596 243.095
-361.992 -454.596 243.095
-361.992 -454.596 243.095
-361.992 -454.596 243.095
-361.992 -454.596 243.095
-361.992 -454.596 243.095
-361.992 -454.596 243.095
-361.992 -454.596 243.095
-361.991 -454.595 243.095
-361.991 -454.595 243.095
-361.991 -454.595 243.095
-361.991 -454.595 243.095
-361.991 -454.595 243.095
-361.991 -454.595 243.095
-361.992 -454.596 243.095
-361.992 -454.596 243.095
-361.992 -454.596 243.095
-361.992 -454.596 243.095
-361.992 -454.596 243.095
-361.992 -454.596 243.095
-361.992 -454.596 243.095
-361.992 -454.596 243.095
-361.992 -454.596 243.095
-361.992 -454.596 243.095
-361.992 -454.596 243.095
-361.992 -454.596 243.095
-361.992 -454.596 243.095
-361.992 -454.596 243.095
-361.992 -454.596 243.095
-361.992 -454.596 243.095
-361.992 -454.596 243.095
-361.992 -454.596 243.095
-361.992 -454.596 243.095
-361.992 -454.596 243.095
-361.992 -454.596 243.094
-361.992 -454.596 243.094
-361.992 -454.596 243.094
-361.992 -454.596 243.094
-361.992 -454.596 243.094
-361.992 -454.596 243.094
-361.992 -454.596 243.094
-361.992 -454.596 243.094
-361.992 -454.596 243.094
-361.992 -454.596 243.094
-361.992 -454.596 243.094
-361.992 -454.596 243.094
-361.992 -454.596 243.094
-361.992 -454.596 243.094
-361.992 -454.596 243.094
-361.992 -454.596 243.094
-361.992 -454.596 243.094
-361.992 -454.596 243.094
-361.992 -454.596 243.093
-361.992 -454.596 243.093
-361.992 -454.596 243.093
-361.992 -454.596 243.093
-361.992 -454.596 243.093
-361.992 -454.596 243.093
-361.992 -454.596 243.093
-361.992 -454.596 243.093
-361.992 -454.596 243.093
-361.992 -454.596 243.094
-361.992 -454.596 243.094
-361.992 -454.596 243.094
-361.992 -454.596 243.094
-361.992 -454.596 243.093
-361.992 -454.596 243.093
-361.992 -454.596 243.092
-361.993 -454.596 243.092
-361.993 -454.596 243.091
-361.993 -454.596 243.09
-361.993 -454.596 243.09
-361.993 -454.596 243.089
-361.993 -454.596 243.089
-361.993 -454.596 243.089
-361.993 -454.596 243.09
-361.993 -454.596 243.09
-361.993 -454.596 243.091
-361.993 -454.596 243.091
-361.993 -454.596 243.092
-361.993 -454.596 243.092
-361.993 -454.596 243.091
-361.993 -454.596 243.091
-361.993 -454.596 243.09
-361.994 -454.597 243.09
-361.994 -454.597 243.088
-361.994 -454.597 243.087
-361.995 -454.597 243.086
-361.995 -454.597 243.084
-361.995 -454.597 243.082
-361.996 -454.597 243.081
-361.996 -454.598 243.08
-361.996 -454.598 243.079
-361.996 -454.598 243.08
-361.996 -454.597 243.081
-361.995 -454.597 243.083
-361.995 -454.597 243.084
-361.995 -454.597 243.086
-361.994 -454.597 243.087
-361.994 -454.597 243.088
-361.994 -454.597 243.088
-361.994 -454.597 243.088
-361.994 -454.597 243.087
-361.994 -454.597 243.087
-361.994 -454.597 243.086
-361.995 -454.597 243.085
-361.995 -454.597 243.084
-361.995 -454.597 243.083
-361.995 -454.597 243.083
-361.995 -454.597 243.082
-361.995 -454.597 243.082
-361.995 -454.597 243.082
-361.995 -454.597 243.082
-361.995 -454.597 243.083
-361.995 -454.597 243.083
-361.995 -454.597 243.084
-361.995 -454.597 243.085
-361.995 -454.597 243.085
-361.995 -454.597 243.085
-361.995 -454.597 243.085
-361.994 -454.597 243.085
-361.994 -454.597 243.085
-361.994 -454.597 243.084
-361.994 -454.597 243.084
-361.994 -454.597 243.083
-361.994 -454.597 243.083
-361.994 -454.596 243.082
-361.994 -454.597 243.082
-361.994 -454.597 243.082
-361.995 -454.597 243.082
-361.995 -454.597 243.082
-361.995 -454.597 243.083
-361.995 -454.597 243.083
-361.995 -454.597 243.084
-361.995 -454.597 243.084
-361.995 -454.597 243.084
-361.995 -454.597 243.084
-361.995 -454.597 243.084
-361.995 -454.597 243.084
-361.994 -454.597 243.084
-361.994 -454.597 243.083
-361.994 -454.597 243.083
-361.994 -454.597 243.083
-361.994 -454.597 243.083
-361.995 -454.597 243.083
-361.995 -454.597 243.083
-361.995 -454.597 243.083
-361.995 -454.597 243.083
-361.995 -454.597 243.083
-361.995 -454.597 243.083
-361.995 -454.597 243.083
-361.995 -454.597 243.083
-361.996 -454.598 243.083
-361.996 -454.598 243.083
-361.995 -454.597 243.083
-361.995 -454.597 243.083
-361.995 -454.597 243.083
-361.995 -454.597 243.083
-361.995 -454.597 243.083
-361.995 -454.597 243.083
-361.995 -454.597 243.083
-361.995 -454.597 243.083
-361.995 -454.597 243.083
-361.995 -454.597 243.083
-361.995 -454.597 243.083
-361.995 -454.597 243.083
-361.995 -454.597 243.083
-361.995 -454.597 243.083
-361.995 -454.597 243.083
-361.995 -454.597 243.083
-361.995 -454.597 243.083
-361.995 -454.597 243.083
-361.995 -454.597 243.083
-361.995 -454.597 243.083
-361.995 -454.597 243.083
-361.995 -454.597 243.083
-361.995 -454.597 243.083
-361.995 -454.597 243.083
-361.995 -454.597 243.083
-361.995 -454.597 243.083
-361.995 -454.597 243.083
-361.995 -454.597 243.083
-361.995 -454.597 243.083
-361.995 -454.597 243.082
-361.995 -454.597 243.082
-361.995 -454.597 243.082
-361.995 -454.597 243.082
-361.996 -454.597 243.082
-361.996 -454.598 243.082
-361.996 -454.598 243.082
-361.996 -454.598 243.082
-361.996 -454.598 243.083
-361.996 -454.598 243.083
-361.996 -454.598 243.082
-361.995 -454.597 243.081
-361.994 -454.596 243.078
-361.991 -454.593 243.074
-361.988 -454.59 243.069
-361.984 -454.587 243.062
-361.979 -454.583 243.055
-361.975 -454.579 243.046
-361.97 -454.575 243.039
-361.967 -454.572 243.033
-361.964 -454.569 243.028
-361.962 -454.568 243.024
-361.962 -454.567 243.022
-361.962 -454.568 243.022
-361.965 -454.57 243.024
-361.971 -454.574 243.029
-361.978 -454.58 243.036
-361.988 -454.587 243.045
-361.998 -454.594 243.054
-362.008 -454.601 243.062
-362.016 -454.607 243.068
-362.022 -454.611 243.07
-362.024 -454.612 243.069
-362.022 -454.61 243.064
-362.018 -454.607 243.056
-362.013 -454.602 243.048
-362.007 -454.598 243.038
-362.002 -454.594 243.029
-361.998 -454.591 243.022
-361.995 -454.589 243.016
-361.994 -454.589 243.012
-361.995 -454.589 243.01
-361.996 -454.591 243.009
-361.998 -454.592 243.008
-362 -454.594 243.008
-361.999 -454.595 243.005
-361.997 -454.594 243.001
-361.992 -454.592 242.994
-361.985 -454.589 242.985
-361.976 -454.584 242.972
-361.966 -454.579 242.96
-361.956 -454.574 242.947
-361.949 -454.57 242.938
-361.945 -454.568 242.931
-361.943 -454.568 242.929
-361.945 -454.569 242.929
-361.948 -454.571 242.932
-361.953 -454.574 242.936
-361.96 -454.578 242.941
-361.968 -454.583 242.948
-361.979 -454.589 242.956
-361.991 -454.595 242.965
-362.002 -454.6 242.972
-362.012 -454.605 242.977
-362.018 -454.607 242.98
-362.019 -454.608 242.98
-362.016 -454.606 242.977
-362.009 -454.602 242.972
-362 -454.597 242.966
-361.989 -454.592 242.96
-361.979 -454.587 242.955
-361.971 -454.583 242.951
-361.967 -454.581 242.948
-361.965 -454.58 242.946
-361.965 -454.58 242.946
-361.967 -454.581 242.947
-361.97 -454.583 242.948
-361.975 -454.586 242.951
-361.979 -454.588 242.954
-361.985 -454.591 242.957
-361.989 -454.593 242.96
-361.993 -454.595 242.962
-361.996 -454.596 242.964
-361.997 -454.597 242.965
-361.997 -454.597 242.965
-361.995 -454.596 242.964
-361.993 -454.595 242.962
-361.99 -454.593 242.96
-361.988 -454.592 242.958
-361.986 -454.591 242.957
-361.984 -454.59 242.955
-361.984 -454.59 242.955
-361.985 -454.591 242.955
-361.987 -454.592 242.955
-361.99 -454.594 242.955
-361.993 -454.595 242.956
-361.996 -454.597 242.957
-361.999 -454.599 242.958
-362.002 -454.601 242.958
-362.003 -454.602 242.958
-362.003 -454.602 242.956
-362.001 -454.601 242.953
-361.997 -454.6 242.949
-361.993 -454.597 242.944
-361.988 -454.595 242.938
-361.982 -454.592 242.932
-361.978 -454.59 242.927
-361.975 -454.589 242.922
-361.974 -454.588 242.918
-361.973 -454.588 242.916
-361.974 -454.588 242.914
-361.976 -454.589 242.912
-361.978 -454.59 242.911
-361.98 -454.591 242.91
-361.982 -454.593 242.909
-361.985 -454.594 242.908
-361.987 -454.595 242.907
-361.988 -454.596 242.906
-361.988 -454.596 242.903
-361.987 -454.595 242.899
-361.982 -454.592 242.891
-361.974 -454.586 242.879
-361.964 -454.58 242.865
-361.952 -454.571 242.848
-361.94 -454.562 242.83
-361.927 -454.553 242.811
-361.917 -454.545 242.795
-361.91 -454.539 242.783
-361.907 -454.535 242.776
-361.907 -454.534 242.772
-361.91 -454.534 242.772
-361.915 -454.536 242.776
-361.923 -454.54 242.781
-361.933 -454.547 242.791
-361.947 -454.556 242.804
-361.963 -454.569 242.82
-361.98 -454.582 242.837
-361.997 -454.596 242.853
-362.008 -454.605 242.862
-362.015 -454.611 242.866
-362.015 -454.611 242.864
-362.009 -454.607 242.855
-361.997 -454.597 242.841
-361.981 -454.584 242.824
-361.964 -454.57 242.806
-361.952 -454.56 242.792
-361.942 -454.55 242.779
-361.936 -454.543 242.771
-361.936 -454.541 242.768
-361.939 -454.542 242.768
-361.946 -454.546 242.773
-361.964 -454.558 242.787
-361.973 -454.564 242.795
-361.983 -454.571 242.803
-361.992 -454.577 242.81
-361.998 -454.582 242.815
-362.003 -454.585 242.818
-362.006 -454.587 242.818
-362.008 -454.588 242.818
-362.011 -454.59 242.819
-362.016 -454.594 242.822
-362.026 -454.602 242.829
-362.039 -454.613 242.839
-362.055 -454.626 242.851
-362.075 -454.643 242.868
-362.094 -454.659 242.884
-362.111 -454.674 242.898
-362.124 -454.685 242.91
-362.133 -454.692 242.917
-362.137 -454.695 242.92
-362.136 -454.694 242.92
-362.133 -454.69 242.917
-362.126 -454.683 242.911
-362.117 -454.674 242.903
-362.106 -454.663 242.893
-362.095 -454.652 242.883
-362.085 -454.642 242.874
-362.077 -454.634 242.866
-362.072 -454.628 242.86
-362.07 -454.626 242.858
-362.071 -454.627 242.858
-362.076 -454.63 242.862
-362.082 -454.636 242.867
-362.089 -454.643 242.873
-362.095 -454.649 242.879
-362.1 -454.654 242.883
-362.104 -454.658 242.887
-362.108 -454.661 242.891
-362.11 -454.664 242.893
-362.111 -454.665 242.894
-362.11 -454.664 242.894
-362.108 -454.663 242.893
-362.105 -454.66 242.89
-362.101 -454.656 242.887
-362.097 -454.652 242.883
-362.093 -454.648 242.879
-362.09 -454.645 242.876
-362.088 -454.643 242.874
-362.087 -454.642 242.873
-362.088 -454.643 242.874
-362.09 -454.644 242.875
-362.092 -454.647 242.877
-362.095 -454.649 242.879
-362.097 -454.651 242.881
-362.1 -454.654 242.884
-362.101 -454.655 242.885
-362.103 -454.656 242.886
-362.103 -454.657 242.887
-362.103 -454.657 242.887
-362.103 -454.656 242.886
-362.102 -454.654 242.885
-362.1 -454.652 242.883
-362.099 -454.65 242.881
-362.098 -454.649 242.88
-362.097 -454.647 242.879
-362.097 -454.647 242.879
-362.099 -454.647 242.879
-362.101 -454.648 242.881
-362.104 -454.651 242.883
-362.107 -454.652 242.886
-362.11 -454.654 242.888
-362.112 -454.655 242.889
-362.112 -454.655 242.889
-362.112 -454.654 242.887
-362.11 -454.652 242.885
-362.108 -454.649 242.882
-362.106 -454.646 242.879
-362.103 -454.643 242.875
-362.102 -454.64 242.873
-362.1 -454.638 242.87
-362.099 -454.635 242.868
-362.099 -454.634 242.866
-362.099 -454.633 242.865
-362.099 -454.631 242.863
-362.098 -454.629 242.86
-362.097 -454.627 242.858
-362.095 -454.624 242.854
-362.092 -454.62 242.849
-362.089 -454.616 242.845
-362.087 -454.614 242.841
-362.087 -454.613 242.839
-362.089 -454.614 242.84
-362.095 -454.62 242.846
-362.104 -454.628 242.855
-362.116 -454.639 242.866
-362.128 -454.65 242.878
-362.142 -454.662 242.89
-362.15 -454.669 242.898
-362.158 -454.676 242.905
-362.163 -454.679 242.908
-362.165 -454.681 242.909
-362.166 -454.681 242.908
-362.166 -454.68 242.907
-362.164 -454.678 242.904
-362.162 -454.676 242.901
-362.158 -454.673 242.897
-362.154 -454.668 242.892
-362.149 -454.664 242.888
-362.145 -454.661 242.884
-362.142 -454.658 242.882
-362.141 -454.657 242.881
-362.142 -454.658 242.882
-362.143 -454.66 242.884
-362.146 -454.663 242.887
-362.15 -454.666 242.891
-362.153 -454.669 242.894
-362.156 -454.671 242.897
-362.158 -454.673 242.899
-362.159 -454.674 242.9
-362.16 -454.675 242.9
-362.16 -454.675 242.9
-362.16 -454.674 242.899
-362.159 -454.673 242.898
-362.157 -454.672 242.897
-362.155 -454.67 242.895
-362.153 -454.668 242.893
-362.152 -454.667 242.891
-362.15 -454.666 242.89
-362.149 -454.665 242.889
-362.149 -454.665 242.889
-362.149 -454.665 242.889
-362.15 -454.666 242.89
-362.151 -454.667 242.891
-362.152 -454.668 242.892
-362.153 -454.669 242.894
-362.155 -454.67 242.895
-362.156 -454.671 242.896
-362.156 -454.671 242.896
-362.156 -454.671 242.896
-362.156 -454.671 242.896
-362.156 -454.671 242.895
-362.155 -454.67 242.895
-362.155 -454.67 242.894
-362.154 -454.669 242.893
-362.153 -454.669 242.893
-362.153 -454.668 242.892
-362.152 -454.668 242.892
-362.152 -454.667 242.891
-362.152 -454.667 242.891
-362.152 -454.667 242.891
-362.152 -454.668 242.892
-362.153 -454.668 242.892
-362.153 -454.668 242.893
-362.154 -454.669 242.893
-362.154 -454.669 242.894
-362.154 -454.67 242.894
-362.155 -454.67 242.894
-362.155 -454.67 242.894
-362.155 -454.67 242.894
-362.155 -454.67 242.894
-362.154 -454.669 242.894
-362.154 -454.669 242.893
-362.154 -454.669 242.893
-362.154 -454.669 242.893
-362.154 -454.669 242.893
-362.153 -454.669 242.893
-362.153 -454.669 242.893
-362.153 -454.668 242.893
-362.153 -454.668 242.893
-362.153 -454.668 242.893
-362.153 -454.669 242.893
-362.153 -454.669 242.893
-362.154 -454.669 242.893
-362.154 -454.669 242.893
-362.154 -454.669 242.893
-362.154 -454.669 242.893
-362.154 -454.669 242.893
-362.154 -454.669 242.893
-362.154 -454.669 242.893
-362.154 -454.669 242.893
-362.154 -454.669 242.893
-362.154 -454.669 242.893
-362.154 -454.669 242.892
-362.154 -454.669 242.892
-362.154 -454.669 242.892
-362.154 -454.669 242.892
-362.154 -454.669 242.892
-362.154 -454.669 242.892
-362.154 -454.669 242.892
-362.154 -454.669 242.892
-362.154 -454.669 242.892
-362.154 -454.669 242.891
-362.154 -454.669 242.891
-362.154 -454.669 242.891
-362.154 -454.669 242.892
-362.154 -454.669 242.892
-362.154 -454.669 242.892
-362.154 -454.669 242.892
-362.154 -454.669 242.892
-362.154 -454.669 242.892
-362.154 -454.669 242.892
-362.154 -454.669 242.892
-362.154 -454.669 242.892
-362.154 -454.669 242.892
-362.154 -454.669 242.892
-362.154 -454.669 242.892
-362.154 -454.669 242.892
-362.154 -454.669 242.892
-362.154 -454.669 242.892
-362.154 -454.669 242.892
-362.154 -454.669 242.892
-362.154 -454.669 242.892
-362.154 -454.669 242.892
-362.154 -454.669 242.892
-362.154 -454.669 242.892
-362.154 -454.669 242.892
-362.154 -454.669 242.892
-362.154 -454.669 242.892
-362.154 -454.669 242.892
-362.154 -454.669 242.892
-362.154 -454.669 242.892
-362.154 -454.669 242.892
-362.154 -454.669 242.892
-362.154 -454.669 242.892
-362.154 -454.669 242.892
-362.154 -454.669 242.892
-362.154 -454.669 242.892
-362.154 -454.669 242.891
-362.154 -454.669 242.891
-362.154 -454.669 242.891
-362.154 -454.669 242.891
-362.154 -454.669 242.892
-362.154 -454.669 242.892
-362.154 -454.669 242.892
-362.154 -454.669 242.892
-362.154 -454.669 242.892
-362.154 -454.669 242.892
-362.154 -454.669 242.892
-362.154 -454.669 242.892
-362.154 -454.669 242.892
-362.154 -454.669 242.891
-362.154 -454.669 242.891
-362.155 -454.669 242.891
-362.155 -454.67 242.89
-362.156 -454.67 242.889
-362.157 -454.671 242.887
-362.158 -454.671 242.886
-362.159 -454.672 242.885
-362.16 -454.672 242.883
-362.16 -454.673 242.882
-362.161 -454.673 242.88
-362.162 -454.674 242.878
-362.163 -454.674 242.876
-362.164 -454.675 242.874
-362.164 -454.675 242.872
-362.164 -454.675 242.871
-362.163 -454.674 242.87
-362.162 -454.673 242.87
-362.161 -454.672 242.869
-362.16 -454.672 242.869
-362.159 -454.671 242.869
-362.158 -454.67 242.867
-362.158 -454.67 242.864
-362.158 -454.67 242.86
-362.158 -454.67 242.855
-362.159 -454.67 242.849
-362.16 -454.67 242.843
-362.16 -454.67 242.837
-362.161 -454.67 242.833
-362.162 -454.67 242.829
-362.162 -454.671 242.826
-362.162 -454.671 242.824
-362.162 -454.671 242.822
-362.162 -454.671 242.821
-362.163 -454.671 242.819
-362.163 -454.671 242.819
-362.164 -454.672 242.818
-362.165 -454.673 242.818
-362.166 -454.674 242.817
-362.168 -454.674 242.817
-362.168 -454.675 242.817
-362.169 -454.675 242.818
-362.168 -454.675 242.819
-362.168 -454.674 242.82
-362.166 -454.674 242.822
-362.165 -454.673 242.824
-362.164 -454.672 242.825
-362.164 -454.672 242.826
-362.164 -454.672 242.825
-362.165 -454.672 242.824
-362.166 -454.673 242.822
-362.168 -454.675 242.819
-362.171 -454.677 242.817
-362.175 -454.679 242.815
-362.178 -454.681 242.813
-362.181 -454.683 242.812
-362.184 -454.685 242.812
-362.186 -454.686 242.812
-362.188 -454.687 242.813
-362.189 -454.688 242.814
-362.189 -454.688 242.815
-362.188 -454.688 242.816
-362.187 -454.687 242.817
-362.184 -454.685 242.818
-362.182 -454.684 242.819
-362.18 -454.682 242.82
-362.179 -454.681 242.82
-362.178 -454.681 242.82
-362.178 -454.681 242.819
-362.178 -454.681 242.819
-362.179 -454.681 242.818
-362.179 -454.682 242.817
-362.18 -454.682 242.816
-362.181 -454.683 242.816
-362.182 -454.683 242.816
-362.182 -454.684 242.815
-362.183 -454.684 242.815
-362.184 -454.685 242.816
-362.184 -454.685 242.816
-362.184 -454.685 242.816
-362.184 -454.685 242.816
-362.183 -454.684 242.816
-362.183 -454.684 242.817
-362.182 -454.684 242.817
-362.181 -454.683 242.817
-362.181 -454.683 242.817
-362.181 -454.683 242.817
-362.181 -454.683 242.816
-362.182 -454.683 242.816
-362.183 -454.684 242.815
-362.185 -454.686 242.815
-362.188 -454.687 242.814
-362.192 -454.69 242.813
-362.196 -454.692 242.812
-362.2 -454.695 242.811
-362.205 -454.698 242.809
-362.21 -454.702 242.808
-362.215 -454.705 242.806
-362.22 -454.708 242.805
-362.225 -454.711 242.803
-362.229 -454.714 242.801
-362.231 -454.715 242.799
-362.232 -454.716 242.797
-362.231 -454.715 242.796
-362.228 -454.714 242.795
-362.225 -454.711 242.793
-362.22 -454.708 242.792
-362.217 -454.706 242.791
-362.214 -454.704 242.79
-362.212 -454.702 242.789
-362.211 -454.702 242.788
-362.211 -454.702 242.787
-362.212 -454.702 242.787
-362.213 -454.702 242.786
-362.214 -454.703 242.785
-362.215 -454.704 242.785
-362.217 -454.705 242.784
-362.219 -454.707 242.783
-362.221 -454.708 242.783
-362.223 -454.709 242.782
-362.224 -454.71 242.781
-362.225 -454.71 242.781
-362.225 -454.71 242.779
-362.224 -454.709 242.777
-362.223 -454.708 242.774
-362.221 -454.707 242.77
-362.22 -454.706 242.765
-362.219 -454.705 242.76
-362.218 -454.704 242.755
-362.217 -454.703 242.751
-362.217 -454.703 242.748
-362.217 -454.702 242.745
-362.216 -454.702 242.744
-362.216 -454.701 242.743
-362.216 -454.701 242.742
-362.217 -454.701 242.741
-362.217 -454.701 242.741
-362.218 -454.702 242.741
-362.218 -454.702 242.741
-362.219 -454.703 242.741
-362.22 -454.703 242.74
-362.221 -454.704 242.739
-362.221 -454.704 242.738
-362.221 -454.704 242.736
-362.222 -454.704 242.734
-362.222 -454.705 242.732
-362.223 -454.705 242.729
-362.224 -454.705 242.726
-362.224 -454.705 242.724
-362.225 -454.705 242.722
-362.225 -454.706 242.72
-362.225 -454.706 242.719
-362.226 -454.705 242.717
-362.226 -454.705 242.716
-362.226 -454.705 242.715
-362.227 -454.706 242.713
-362.227 -454.706 242.711
-362.228 -454.706 242.708
-362.229 -454.707 242.706
-362.23 -454.707 242.703
-362.231 -454.707 242.7
-362.231 -454.707 242.698
-362.231 -454.707 242.697
-362.23 -454.706 242.696
-362.23 -454.706 242.695
-362.229 -454.705 242.695
-362.228 -454.704 242.696
-362.227 -454.704 242.696
-362.227 -454.703 242.696
-362.227 -454.703 242.696
-362.227 -454.703 242.696
-362.227 -454.703 242.696
-362.227 -454.703 242.697
-362.227 -454.704 242.698
-362.228 -454.704 242.698
-362.228 -454.705 242.699
-362.229 -454.705 242.699
-362.229 -454.705 242.7
-362.229 -454.706 242.699
-362.229 -454.706 242.699
-362.229 -454.706 242.698
-362.229 -454.706 242.698
-362.229 -454.705 242.697
-362.229 -454.705 242.697
-362.228 -454.705 242.696
-362.228 -454.704 242.696
-362.228 -454.704 242.695
-362.228 -454.704 242.694
-362.227 -454.703 242.694
-362.228 -454.703 242.692
-362.228 -454.703 242.691
-362.229 -454.704 242.688
-362.23 -454.704 242.684
-362.232 -454.705 242.679
-362.234 -454.706 242.674
-362.236 -454.707 242.668
-362.238 -454.707 242.662
-362.239 -454.708 242.657
-362.24 -454.708 242.656
-362.239 -454.708 242.656
-362.238 -454.708 242.659
-362.237 -454.707 242.664
-362.235 -454.706 242.668
-362.234 -454.706 242.673
-362.233 -454.706 242.676
-362.232 -454.705 242.679
-362.232 -454.705 242.68
-362.232 -454.705 242.68
-362.232 -454.705 242.679
-362.233 -454.706 242.678
-362.234 -454.706 242.675
-362.235 -454.707 242.671
-362.237 -454.707 242.667
-362.238 -454.708 242.662
-362.241 -454.709 242.656
-362.243 -454.71 242.65
-362.244 -454.711 242.646
-362.245 -454.711 242.642
-362.246 -454.712 242.64
-362.246 -454.712 242.639
-362.246 -454.711 242.639
-362.245 -454.711 242.64
-362.245 -454.711 242.641
-362.244 -454.71 242.642
-362.243 -454.71 242.642
-362.242 -454.709 242.643
-362.242 -454.709 242.644
-362.241 -454.709 242.645
-362.241 -454.708 242.646
-362.24 -454.708 242.647
-362.241 -454.708 242.647
-362.241 -454.709 242.646
-362.242 -454.709 242.645
-362.244 -454.71 242.642
-362.246 -454.711 242.639
-362.248 -454.713 242.636
-362.25 -454.714 242.633
-362.252 -454.715 242.63
-362.254 -454.716 242.627
-362.255 -454.717 242.625
-362.257 -454.718 242.624
-362.258 -454.719 242.622
-362.259 -454.72 242.621
-362.26 -454.72 242.62
-362.26 -454.72 242.62
-362.26 -454.72 242.621
-362.258 -454.719 242.622
-362.256 -454.718 242.625
-362.254 -454.717 242.628
-362.252 -454.715 242.631
-362.251 -454.714 242.633
-362.25 -454.714 242.634
-362.25 -454.714 242.634
-362.25 -454.714 242.633
-362.251 -454.715 242.632
-362.252 -454.716 242.63
-362.254 -454.716 242.628
-362.255 -454.717 242.626
-362.257 -454.718 242.625
-362.258 -454.719 242.623
-362.259 -454.72 242.621
-362.26 -454.72 242.62
-362.261 -454.721 242.619
-362.262 -454.721 242.618
-362.262 -454.722 242.617
-362.262 -454.722 242.617
-362.262 -454.721 242.618
-362.26 -454.72 242.619
-362.259 -454.719 242.621
-362.257 -454.719 242.623
-362.256 -454.718 242.624
-362.256 -454.717 242.625
-362.255 -454.717 242.626
-362.255 -454.717 242.626
-362.256 -454.717 242.626
-362.256 -454.718 242.625
-362.257 -454.718 242.624
-362.258 -454.719 242.623
-362.258 -454.719 242.622
-362.259 -454.72 242.621
-362.26 -454.72 242.619
-362.261 -454.72 242.617
-362.261 -454.721 242.614
-362.262 -454.721 242.611
-362.263 -454.722 242.609
-362.264 -454.722 242.606
-362.265 -454.722 242.604
-362.265 -454.723 242.603
-362.265 -454.723 242.603
-362.265 -454.723 242.603
-362.265 -454.723 242.604
-362.265 -454.723 242.604
-362.266 -454.723 242.604
-362.266 -454.723 242.603
-362.268 -454.724 242.6
-362.271 -454.726 242.595
-362.274 -454.728 242.59
-362.277 -454.73 242.583
-362.281 -454.732 242.576
-362.284 -454.734 242.571
-362.285 -454.734 242.568
-362.285 -454.734 242.568
-362.283 -454.733 242.571
-362.28 -454.731 242.575
-362.277 -454.729 242.58
-362.274 -454.727 242.584
-362.272 -454.726 242.588
-362.271 -454.726 242.59
-362.27 -454.725 242.591
-362.271 -454.726 242.591
-362.272 -454.726 242.59
-362.273 -454.727 242.588
-362.275 -454.728 242.585
-362.276 -454.729 242.583
-362.277 -454.73 242.581
-362.278 -454.73 242.579
-362.279 -454.731 242.577
-362.28 -454.731 242.576
-362.28 -454.731 242.576
-362.279 -454.731 242.576
-362.279 -454.73 242.577
-362.278 -454.73 242.577
-362.277 -454.729 242.577
-362.277 -454.729 242.577
-362.277 -454.729 242.577
-362.277 -454.729 242.576
-362.277 -454.729 242.576
-362.277 -454.729 242.575
-362.277 -454.729 242.574
-362.277 -454.729 242.573
-362.277 -454.728 242.572
-362.277 -454.728 242.572
-362.277 -454.728 242.571
-362.278 -454.728 242.57
-362.278 -454.728 242.569
-362.278 -454.728 242.569
-362.278 -454.728 242.568
-362.278 -454.728 242.567
-362.278 -454.728 242.567
-362.278 -454.728 242.566
-362.277 -454.728 242.565
-362.277 -454.727 242.564
-362.277 -454.727 242.562
-362.277 -454.727 242.561
-362.277 -454.726 242.559
-362.277 -454.726 242.557
-362.277 -454.726 242.555
-362.277 -454.726 242.554
-362.277 -454.726 242.553
-362.278 -454.726 242.552
-362.278 -454.726 242.552
-362.278 -454.726 242.551
-362.278 -454.726 242.551
-362.278 -454.726 242.551
-362.278 -454.726 242.551
-362.278 -454.726 242.552
-362.278 -454.726 242.552
-362.278 -454.726 242.553
-362.278 -454.726 242.554
-362.277 -454.726 242.555
-362.277 -454.726 242.556
-362.277 -454.726 242.556
-362.277 -454.726 242.556
-362.277 -454.726 242.556
-362.277 -454.726 242.555
-362.277 -454.726 242.555
-362.278 -454.726 242.554
-362.278 -454.726 242.554
-362.278 -454.726 242.553
-362.278 -454.726 242.553
-362.278 -454.726 242.553
-362.278 -454.726 242.553
-362.278 -454.726 242.553
-362.278 -454.726 242.553
-362.278 -454.726 242.553
-362.278 -454.726 242.553
-362.278 -454.726 242.554
-362.277 -454.726 242.554
-362.277 -454.726 242.554
-362.277 -454.726 242.554
-362.277 -454.726 242.553
-362.277 -454.726 242.553
-362.277 -454.725 242.553
-362.277 -454.726 242.553
-362.277 -454.726 242.553
-362.278 -454.726 242.553
-362.278 -454.726 242.553
-362.278 -454.726 242.553
-362.278 -454.726 242.553
-362.278 -454.726 242.553
-362.278 -454.726 242.553
-362.278 -454.726 242.553
-362.278 -454.726 242.553
-362.278 -454.726 242.553
-362.278 -454.726 242.553
-362.278 -454.726 242.553
-362.278 -454.726 242.553
-362.277 -454.726 242.553
-362.277 -454.726 242.553
-362.277 -454.726 242.553
-362.277 -454.726 242.553
-362.278 -454.726 242.553
-362.278 -454.726 242.553
-362.278 -454.726 242.553
-362.278 -454.726 242.553
-362.278 -454.726 242.553
-362.278 -454.726 242.553
-362.278 -454.726 242.553
-362.278 -454.726 242.553
-362.278 -454.726 242.552
-362.278 -454.726 242.552
-362.277 -454.726 242.552
-362.277 -454.726 242.552
-362.277 -454.725 242.552
-362.277 -454.725 242.552
-362.277 -454.725 242.552
-362.277 -454.725 242.552
-362.278 -454.726 242.552
-362.278 -454.726 242.552
-362.278 -454.726 242.552
-362.278 -454.726 242.552
-362.278 -454.726 242.552
-362.278 -454.726 242.552
-362.278 -454.726 242.552
-362.278 -454.726 242.552
-362.278 -454.726 242.552
-362.278 -454.726 242.552
-362.278 -454.726 242.552
-362.278 -454.726 242.552
-362.278 -454.726 242.552
-362.278 -454.726 242.552
-362.278 -454.726 242.552
-362.278 -454.726 242.552
-362.278 -454.726 242.552
-362.278 -454.725 242.552
-362.278 -454.725 242.552
-362.278 -454.726 242.552
-362.278 -454.726 242.552
-362.278 -454.726 242.552
-362.278 -454.726 242.552
-362.278 -454.726 242.552
-362.278 -454.726 242.552
-362.278 -454.726 242.552
-362.278 -454.726 242.552
-362.278 -454.726 242.552
-362.278 -454.726 242.552
-362.278 -454.726 242.552
-362.278 -454.726 242.552
-362.278 -454.726 242.552
-362.278 -454.726 242.552
-362.278 -454.726 242.552
-362.278 -454.726 242.552
-362.278 -454.726 242.552
-362.278 -454.726 242.551
-362.278 -454.726 242.551
-362.278 -454.726 242.551
-362.278 -454.725 242.55
-362.278 -454.725 242.55
-362.278 -454.725 242.549
-362.278 -454.726 242.548
-362.278 -454.726 242.548
-362.278 -454.726 242.547
-362.279 -454.726 242.546
-362.279 -454.726 242.545
-362.279 -454.726 242.544
-362.279 -454.726 242.544
-362.279 -454.726 242.544
-362.279 -454.726 242.544
-362.279 -454.726 242.544
-362.279 -454.726 242.544
-362.279 -454.726 242.545
-362.279 -454.726 242.545
-362.279 -454.726 242.546
-362.279 -454.726 242.546
-362.279 -454.726 242.546
-362.279 -454.726 242.546
-362.279 -454.726 242.545
-362.28 -454.726 242.545
-362.28 -454.726 242.544
-362.28 -454.726 242.542
-362.28 -454.726 242.541
-362.28 -454.726 242.54
-362.28 -454.726 242.54
-362.28 -454.726 242.539
-362.28 -454.726 242.539
-362.28 -454.726 242.539
-362.28 -454.726 242.54
-362.28 -454.726 242.541
-362.28 -454.726 242.542
-362.28 -454.726 242.542
-362.279 -454.726 242.543
-362.279 -454.726 242.544
-362.279 -454.726 242.544
-362.279 -454.726 242.544
-362.279 -454.726 242.544
-362.279 -454.726 242.543
-362.279 -454.726 242.543
-362.279 -454.726 242.542
-362.279 -454.726 242.542
-362.279 -454.726 242.541
-362.28 -454.726 242.541
-362.28 -454.726 242.54
-362.28 -454.726 242.54
-362.28 -454.726 242.541
-362.28 -454.726 242.541
