-264.458 -436.992 177.5
-264.458 -436.992 177.5
-264.458 -436.992 177.5
-264.458 -436.992 177.5
-264.458 -436.992 177.5
-264.458 -436.992 177.5
-264.458 -436.992 177.5
-264.458 -436.992 177.5
-264.458 -436.992 177.5
-264.458 -436.992 177.5
-264.458 -436.992 177.5
-264.458 -436.992 177.5
-264.458 -436.992 177.5
-264.458 -436.992 177.5
-264.458 -436.992 177.5
-264.459 -436.992 177.5
-264.459 -436.993 177.5
-264.461 -436.993 177.501
-264.462 -436.993 177.501
-264.465 -436.994 177.502
-264.468 -436.994 177.503
-264.471 -436.995 177.505
-264.476 -436.996 177.506
-264.481 -436.996 177.508
-264.486 -436.996 177.511
-264.49 -436.995 177.513
-264.495 -436.993 177.516
-264.5 -436.99 177.519
-264.504 -436.986 177.521
-264.509 -436.982 177.524
-264.513 -436.979 177.526
-264.517 -436.976 177.529
-264.521 -436.974 177.531
-264.526 -436.974 177.532
-264.531 -436.975 177.534
-264.535 -436.978 177.534
-264.54 -436.982 177.535
-264.545 -436.986 177.535
-264.549 -436.991 177.536
-264.553 -436.995 177.537
-264.557 -436.998 177.538
-264.56 -437 177.54
-264.562 -437.001 177.542
-264.565 -437 177.544
-264.567 -436.997 177.547
-264.568 -436.993 177.55
-264.57 -436.986 177.553
-264.571 -436.976 177.555
-264.573 -436.964 177.558
-264.574 -436.95 177.56
-264.576 -436.935 177.562
-264.577 -436.919 177.564
-264.579 -436.902 177.565
-264.581 -436.885 177.566
-264.582 -436.867 177.567
-264.584 -436.849 177.567
-264.586 -436.836 177.567
-264.588 -436.821 177.567
-264.589 -436.808 177.567
-264.591 -436.796 177.566
-264.592 -436.786 177.566
-264.594 -436.778 177.567
-264.595 -436.773 177.567
-264.596 -436.77 177.568
-264.597 -436.769 177.569
-264.597 -436.769 177.57
-264.598 -436.772 177.571
-264.598 -436.776 177.572
-264.598 -436.782 177.572
-264.598 -436.789 177.572
-264.598 -436.797 177.573
-264.598 -436.805 177.573
-264.598 -436.813 177.573
-264.598 -436.818 177.573
-264.599 -436.822 177.572
-264.6 -436.824 177.573
-264.601 -436.824 177.573
-264.603 -436.822 177.573
-264.605 -436.819 177.573
-264.606 -436.816 177.574
-264.607 -436.813 177.575
-264.608 -436.81 177.576
-264.608 -436.809 177.577
-264.607 -436.807 177.579
-264.606 -436.807 177.583
-264.605 -436.806 177.589
-264.604 -436.806 177.598
-264.603 -436.805 177.611
-264.602 -436.803 177.628
-264.601 -436.802 177.649
-264.601 -436.8 177.673
-264.602 -436.798 177.7
-264.604 -436.797 177.728
-264.607 -436.798 177.753
-264.612 -436.801 177.778
-264.618 -436.806 177.799
-264.625 -436.813 177.818
-264.634 -436.82 177.835
-264.643 -436.824 177.85
-264.65 -436.825 177.862
-264.655 -436.82 177.874
-264.658 -436.806 177.886
-264.657 -436.781 177.899
-264.653 -436.749 177.913
-264.649 -436.706 177.93
-264.645 -436.65 177.955
-264.644 -436.589 177.987
-264.644 -436.576 177.994
-264.647 -436.519 178.028
-264.655 -436.44 178.081
-264.67 -436.352 178.148
-264.69 -436.263 178.227
-264.719 -436.156 178.333
-264.756 -436.038 178.467
-264.803 -435.898 178.646
-264.858 -435.741 178.869
-264.918 -435.578 179.123
-264.981 -435.411 179.404
-265.062 -435.198 179.774
-265.158 -434.96 180.193
-265.264 -434.709 180.628
-265.387 -434.429 181.099
-265.542 -434.094 181.638
-265.698 -433.768 182.139
-265.905 -433.355 182.74
-266.14 -432.897 183.37
-266.386 -432.428 183.987
-266.656 -431.919 184.628
-266.969 -431.334 185.337
-267.265 -430.785 185.978
-267.602 -430.159 186.686
-267.96 -429.494 187.414
-268.338 -428.79 188.163
-268.734 -428.049 188.935
-269.174 -427.219 189.783
-269.661 -426.294 190.714
-270.074 -425.498 191.505
-270.529 -424.614 192.376
-271.027 -423.635 193.333
-271.541 -422.617 194.316
-272.04 -421.627 195.258
-272.594 -420.531 196.281
-273.136 -419.464 197.255
-273.703 -418.36 198.241
-274.297 -417.215 199.236
-274.92 -416.031 200.235
-275.573 -414.807 201.233
-276.302 -413.458 202.286
-277.068 -412.064 203.322
-277.768 -410.809 204.207
-278.55 -409.428 205.126
-279.365 -408.009 206.009
-280.271 -406.456 206.906
-281.208 -404.866 207.756
-282.17 -403.244 208.556
-283.028 -401.801 209.215
-284.023 -400.129 209.918
-285.028 -398.436 210.567
-285.975 -396.835 211.126
-286.925 -395.22 211.642
-287.881 -393.592 212.127
-288.842 -391.951 212.589
-289.875 -390.187 213.068
-290.918 -388.409 213.544
-291.904 -386.729 214
-292.901 -385.037 214.473
-293.906 -383.334 214.972
-294.918 -381.624 215.503
-296.003 -379.795 216.114
-297.091 -377.963 216.777
-298.111 -376.246 217.454
-299.131 -374.532 218.193
-300.217 -372.709 219.052
-301.304 -370.892 219.979
-302.329 -369.193 220.901
-303.364 -367.498 221.868
-304.413 -365.807 222.87
-305.48 -364.118 223.901
-306.642 -362.32 225.024
-307.832 -360.524 226.161
-308.97 -358.844 227.233
-310.127 -357.167 228.302
-311.3 -355.496 229.36
-312.487 -353.83 230.4
-313.764 -352.062 231.481
-315.051 -350.304 232.524
-316.263 -348.664 233.461
-317.483 -347.03 234.358
-318.79 -345.289 235.269
-320.105 -343.548 236.132
-321.344 -341.913 236.896
-322.589 -340.271 237.617
-323.924 -338.509 238.335
-325.263 -336.735 239.004
-326.522 -335.061 239.589
-327.782 -333.377 240.136
-329.124 -331.569 240.682
-330.462 -329.749 241.192
-331.71 -328.033 241.641
-332.951 -326.306 242.064
-334.265 -324.454 242.489
-335.57 -322.59 242.891
-336.785 -320.832 243.247
-337.991 -319.064 243.587
-339.108 -317.404 243.891
-340.374 -315.497 244.224
-341.474 -313.819 244.504
-342.726 -311.893 244.812
-343.82 -310.204 245.068
-345.073 -308.273 245.345
-346.256 -306.464 245.587
-347.612 -304.421 245.84
-348.746 -302.746 246.03
-350.064 -300.842 246.225
-351.323 -299.07 246.391
-352.692 -297.191 246.556
-353.998 -295.443 246.703
-355.328 -293.706 246.848
-356.864 -291.753 247.014
-358.244 -290.044 247.168
-359.647 -288.347 247.332
-361.065 -286.664 247.505
-362.684 -284.774 247.711
-364.113 -283.122 247.901
-365.537 -281.486 248.097
-366.95 -279.867 248.299
-368.436 -278.16 248.52
-369.989 -276.367 248.76
-371.253 -274.903 248.964
-372.595 -273.343 249.189
-374.019 -271.684 249.437
-375.527 -269.922 249.711
-376.769 -268.467 249.946
-378.104 -266.901 250.208
-379.535 -265.22 250.498
-380.881 -263.637 250.782
-382.233 -262.047 251.077
-383.68 -260.344 251.405
-385.041 -258.744 251.724
-386.499 -257.032 252.077
-387.87 -255.426 252.42
-389.153 -253.924 252.748
-390.619 -252.207 253.13
-392.083 -250.489 253.514
-393.543 -248.771 253.897
-394.815 -247.268 254.227
-396.26 -245.551 254.595
-397.694 -243.835 254.949
-399.031 -242.228 255.268
-400.364 -240.62 255.572
-401.695 -239.011 255.859
-403.027 -237.398 256.128
-404.453 -235.674 256.394
-405.706 -234.161 256.608
-407.148 -232.424 256.827
-408.595 -230.682 257.019
-409.953 -229.046 257.171
-411.308 -227.408 257.294
-412.747 -225.661 257.391
-414.174 -223.916 257.451
-415.497 -222.284 257.47
-416.804 -220.657 257.453
-418.179 -218.926 257.393
-419.533 -217.196 257.289
-420.782 -215.575 257.151
-422.011 -213.953 256.973
-423.22 -212.329 256.755
-424.406 -210.701 256.495
-425.646 -208.961 256.174
-427.008 -207.003 255.766
-427.967 -205.589 255.444
-429.048 -203.961 255.049
-430.1 -202.338 254.632
-431.122 -200.724 254.199
-432.176 -199.012 253.722
-433.133 -197.419 253.262
-434.063 -195.835 252.783
-434.969 -194.261 252.283
-435.854 -192.695 251.756
-436.777 -191.034 251.16
-437.628 -189.484 250.566
-438.466 -187.941 249.932
-439.295 -186.404 249.259
-440.119 -184.876 248.547
-440.997 -183.254 247.749
-441.876 -181.644 246.911
-442.708 -180.144 246.091
-443.548 -178.655 245.241
-444.459 -177.08 244.301
-445.386 -175.521 243.338
-446.267 -174.077 242.422
-447.16 -172.654 241.503
-448.125 -171.163 240.529
-449.104 -169.702 239.573
-450.033 -168.365 238.702
-450.908 -167.146 237.915
-451.976 -165.705 236.991
-452.85 -164.548 236.25
-453.837 -163.258 235.419
-454.683 -162.158 234.7
-455.621 -160.932 233.883
-456.465 -159.812 233.116
-457.27 -158.721 232.345
-458.037 -157.657 231.569
-458.815 -156.551 230.739
-459.464 -155.608 230.012
-460.214 -154.493 229.131
-460.844 -153.535 228.355
-461.485 -152.538 227.532
-462.057 -151.628 226.766
-462.602 -150.737 226.003
-463.153 -149.808 225.193
-463.671 -148.899 224.385
-464.129 -148.063 223.629
-464.557 -147.24 222.874
-464.957 -146.429 222.119
-465.351 -145.579 221.314
-465.714 -144.747 220.509
-466.048 -143.937 219.706
-466.335 -143.202 218.956
-466.615 -142.446 218.159
-466.87 -141.724 217.367
-467.101 -141.038 216.579
-467.316 -140.39 215.794
-467.521 -139.782 215.007
-467.713 -139.246 214.265
-467.923 -138.714 213.466
-468.147 -138.222 212.654
-468.361 -137.825 211.932
-468.628 -137.408 211.089
-468.914 -137.027 210.228
-469.211 -136.678 209.349
-469.494 -136.375 208.507
-469.774 -136.092 207.648
-470.064 -135.809 206.714
-470.32 -135.557 205.82
-470.587 -135.282 204.796
-470.774 -135.078 204.016
-470.982 -134.832 203.076
-471.154 -134.603 202.23
-471.313 -134.359 201.382
-471.445 -134.112 200.608
-471.549 -133.859 199.925
-471.629 -133.598 199.332
-471.68 -133.363 198.879
-471.721 -133.085 198.424
-471.745 -132.816 198.047
-471.758 -132.518 197.689
-471.761 -132.209 197.361
-471.757 -131.908 197.072
-471.752 -131.554 196.762
-471.752 -131.232 196.501
-471.762 -130.903 196.249
-471.791 -130.543 195.99
-471.844 -130.177 195.737
-471.928 -129.805 195.49
-472.046 -129.429 195.245
-472.181 -129.077 195.019
-472.335 -128.727 194.796
-472.513 -128.362 194.561
-472.698 -128.007 194.331
-472.871 -127.688 194.119
-473.049 -127.366 193.897
-473.215 -127.064 193.681
-473.359 -126.799 193.488
-473.489 -126.552 193.306
-473.606 -126.321 193.139
-473.707 -126.105 192.989
-473.801 -125.879 192.845
-473.864 -125.696 192.742
-473.91 -125.527 192.662
-473.944 -125.362 192.598
-473.963 -125.212 192.553
-473.97 -125.087 192.524
-473.97 -124.974 192.506
-473.965 -124.869 192.493
-473.956 -124.778 192.485
-473.945 -124.701 192.48
-473.934 -124.64 192.477
-473.922 -124.587 192.476
-473.911 -124.544 192.476
-473.901 -124.512 192.477
-473.893 -124.488 192.478
-473.889 -124.473 192.479
-473.886 -124.463 192.479
-473.885 -124.458 192.479
-473.885 -124.457 192.478
-473.886 -124.459 192.477
-473.888 -124.461 192.475
-473.889 -124.463 192.473
-473.89 -124.464 192.471
-473.89 -124.465 192.468
-473.89 -124.463 192.465
-473.89 -124.461 192.463
-473.889 -124.457 192.461
-473.887 -124.451 192.46
-473.885 -124.443 192.459
-473.883 -124.433 192.46
-473.881 -124.424 192.461
-473.879 -124.414 192.462
-473.877 -124.405 192.463
-473.876 -124.398 192.465
-473.877 -124.393 192.467
-473.878 -124.391 192.469
-473.879 -124.392 192.47
-473.877 -124.396 192.47
-473.871 -124.404 192.47
-473.859 -124.414 192.469
-473.838 -124.425 192.467
-473.81 -124.438 192.464
-473.77 -124.453 192.46
-473.719 -124.47 192.455
-473.654 -124.489 192.449
-473.582 -124.507 192.441
-473.526 -124.521 192.436
-473.461 -124.535 192.429
-473.395 -124.547 192.423
-473.33 -124.556 192.417
-473.282 -124.563 192.413
-473.237 -124.569 192.409
-473.198 -124.576 192.406
-473.166 -124.585 192.403
-473.14 -124.598 192.402
-473.124 -124.615 192.401
-473.116 -124.637 192.401
-473.116 -124.663 192.402
-473.121 -124.692 192.404
-473.13 -124.726 192.405
-473.143 -124.765 192.407
-473.157 -124.807 192.408
-473.172 -124.851 192.409
-473.183 -124.891 192.409
-473.196 -124.936 192.409
-473.208 -124.981 192.409
-473.218 -125.023 192.408
-473.226 -125.057 192.408
-473.234 -125.089 192.407
-473.241 -125.117 192.406
-473.246 -125.139 192.406
-473.251 -125.157 192.406
-473.255 -125.171 192.406
-473.259 -125.183 192.406
-473.264 -125.193 192.406
-473.268 -125.204 192.406
-473.273 -125.215 192.406
-473.279 -125.228 192.406
-473.285 -125.24 192.406
-473.291 -125.251 192.406
-473.297 -125.262 192.406
-473.301 -125.27 192.406
-473.304 -125.277 192.407
-473.307 -125.28 192.407
-473.308 -125.282 192.407
-473.308 -125.282 192.408
-473.309 -125.281 192.409
-473.309 -125.279 192.41
-473.309 -125.276 192.412
-473.311 -125.274 192.414
-473.313 -125.273 192.417
-473.317 -125.272 192.421
-473.323 -125.274 192.426
-473.331 -125.276 192.433
-473.344 -125.282 192.441
-473.359 -125.29 192.451
-473.377 -125.3 192.462
-473.404 -125.316 192.478
-473.423 -125.329 192.489
-473.443 -125.342 192.499
-473.463 -125.357 192.51
-473.478 -125.369 192.517
-473.487 -125.38 192.521
-473.488 -125.388 192.52
-473.481 -125.389 192.515
-473.463 -125.382 192.506
-473.436 -125.366 192.496
-473.393 -125.333 192.483
-473.342 -125.288 192.471
-473.275 -125.222 192.459
-473.194 -125.138 192.448
-473.112 -125.053 192.439
-473.008 -124.951 192.429
-472.895 -124.847 192.419
-472.781 -124.754 192.409
-472.645 -124.66 192.398
-472.461 -124.568 192.382
-472.383 -124.541 192.375
-472.241 -124.508 192.361
-472.094 -124.495 192.347
-471.952 -124.5 192.333
-471.797 -124.525 192.317
-471.636 -124.568 192.3
-471.472 -124.63 192.282
-471.317 -124.702 192.266
-471.157 -124.787 192.248
-471.007 -124.877 192.232
-470.879 -124.96 192.218
-470.769 -125.039 192.205
-470.68 -125.108 192.195
-470.612 -125.168 192.186
-470.569 -125.214 192.18
-470.543 -125.253 192.176
-470.53 -125.287 192.173
-470.528 -125.318 192.17
-470.533 -125.351 192.168
-470.538 -125.379 192.166
-470.544 -125.414 192.163
-470.549 -125.451 192.16
-470.553 -125.491 192.156
-470.556 -125.53 192.153
-470.559 -125.572 192.149
-470.56 -125.612 192.146
-470.56 -125.651 192.143
-470.558 -125.697 192.14
-470.554 -125.738 192.138
-470.546 -125.784 192.135
-470.534 -125.831 192.132
-470.517 -125.884 192.129
-470.495 -125.939 192.125
-470.467 -125.998 192.121
-470.432 -126.064 192.117
-470.39 -126.128 192.112
-470.344 -126.185 192.106
-470.297 -126.23 192.101
-470.243 -126.264 192.096
-470.19 -126.278 192.091
-470.135 -126.275 192.086
-470.072 -126.253 192.081
-470.016 -126.222 192.076
-469.961 -126.184 192.072
-469.907 -126.142 192.067
-469.85 -126.094 192.062
-469.806 -126.057 192.058
-469.76 -126.022 192.054
-469.718 -125.991 192.05
-469.666 -125.956 192.044
-469.648 -125.944 192.042
-469.622 -125.928 192.038
-469.599 -125.913 192.034
-469.58 -125.9 192.031
-469.566 -125.889 192.028
-469.554 -125.878 192.025
-469.545 -125.866 192.023
-469.536 -125.852 192.022
-469.527 -125.834 192.021
-469.517 -125.812 192.021
-469.507 -125.786 192.022
-469.496 -125.754 192.024
-469.483 -125.718 192.026
-469.47 -125.681 192.028
-469.458 -125.642 192.029
-469.444 -125.598 192.031
-469.431 -125.554 192.031
-469.419 -125.511 192.031
-469.407 -125.467 192.029
-469.396 -125.431 192.026
-469.382 -125.392 192.023
-469.368 -125.359 192.017
-469.352 -125.333 192.012
-469.335 -125.314 192.005
-469.316 -125.301 191.997
-469.295 -125.294 191.989
-469.27 -125.29 191.98
-469.245 -125.289 191.972
-469.22 -125.29 191.965
-469.195 -125.29 191.959
-469.167 -125.288 191.955
-469.137 -125.286 191.952
-469.1 -125.288 191.95
-469.056 -125.298 191.948
-468.998 -125.317 191.946
-468.919 -125.353 191.943
-468.817 -125.409 191.937
-468.688 -125.488 191.928
-468.534 -125.589 191.917
-468.368 -125.699 191.904
-468.172 -125.831 191.888
-467.957 -125.974 191.87
-467.726 -126.125 191.85
-467.497 -126.27 191.83
-467.243 -126.425 191.808
-466.984 -126.579 191.784
-466.724 -126.729 191.76
-466.486 -126.865 191.738
-466.242 -127.001 191.715
-466.014 -127.127 191.693
-465.819 -127.234 191.674
-465.644 -127.329 191.656
-465.479 -127.418 191.64
-465.334 -127.495 191.625
-465.209 -127.562 191.613
-465.108 -127.615 191.603
-465.017 -127.663 191.594
-464.941 -127.703 191.587
-464.88 -127.735 191.582
-464.832 -127.76 191.578
-464.798 -127.778 191.576
-464.768 -127.793 191.574
-464.745 -127.805 191.573
-464.728 -127.814 191.572
-464.714 -127.821 191.571
-464.703 -127.827 191.57
-464.693 -127.832 191.568
-464.684 -127.837 191.567
-464.674 -127.842 191.565
-464.665 -127.847 191.563
-464.654 -127.853 191.562
-464.64 -127.86 191.559
-464.624 -127.868 191.557
-464.608 -127.877 191.555
-464.59 -127.886 191.554
-464.574 -127.894 191.553
-464.559 -127.902 191.552
-464.544 -127.91 191.552
-464.532 -127.916 191.553
-464.521 -127.922 191.555
-464.511 -127.927 191.556
-464.501 -127.932 191.557
-464.491 -127.937 191.559
-464.481 -127.942 191.559
-464.47 -127.948 191.559
-464.457 -127.955 191.557
-464.443 -127.962 191.555
-464.43 -127.969 191.553
-464.417 -127.976 191.551
-464.403 -127.983 191.548
-464.389 -127.99 191.546
-464.377 -127.997 191.544
-464.366 -128.002 191.543
-464.355 -128.008 191.542
-464.346 -128.013 191.541
-464.337 -128.017 191.541
-464.33 -128.021 191.541
-464.324 -128.024 191.542
-464.319 -128.027 191.543
-464.316 -128.028 191.545
-464.312 -128.03 191.547
-464.309 -128.031 191.548
-464.305 -128.032 191.549
-464.301 -128.032 191.549
-464.295 -128.033 191.549
-464.287 -128.034 191.548
-464.279 -128.035 191.545
-464.268 -128.037 191.542
-464.258 -128.038 191.54
-464.248 -128.039 191.538
-464.239 -128.041 191.536
-464.231 -128.042 191.535
-464.225 -128.043 191.535
-464.219 -128.044 191.536
-464.215 -128.046 191.538
-464.211 -128.047 191.539
-464.207 -128.048 191.541
-464.204 -128.05 191.542
-464.2 -128.052 191.543
-464.195 -128.054 191.542
-464.19 -128.057 191.541
-464.183 -128.06 191.539
-464.175 -128.064 191.537
-464.165 -128.07 191.534
-464.152 -128.076 191.532
-464.138 -128.084 191.529
-464.121 -128.093 191.526
-464.103 -128.102 191.524
-464.085 -128.112 191.522
-464.065 -128.122 191.519
-464.05 -128.13 191.518
-464.035 -128.137 191.517
-464.024 -128.143 191.516
-464.016 -128.148 191.516
-464.01 -128.151 191.516
-464.005 -128.153 191.516
-464.002 -128.155 191.517
-464 -128.156 191.517
-463.998 -128.157 191.517
-463.995 -128.158 191.516
-463.992 -128.16 191.516
-463.99 -128.161 191.515
-463.987 -128.162 191.515
-463.985 -128.164 191.515
-463.982 -128.165 191.515
-463.981 -128.166 191.516
-463.979 -128.166 191.517
-463.978 -128.167 191.519
-463.978 -128.167 191.521
-463.977 -128.167 191.523
-463.977 -128.168 191.526
-463.977 -128.168 191.528
-463.977 -128.168 191.529
-463.977 -128.168 191.53
-463.977 -128.168 191.531
-463.977 -128.168 191.532
-463.977 -128.168 191.532
-463.977 -128.168 191.532
-463.977 -128.168 191.532
-463.977 -128.168 191.532
-463.977 -128.168 191.532
-463.977 -128.168 191.532
-463.977 -128.168 191.532
-463.977 -128.168 191.532
-463.977 -128.168 191.532
-463.977 -128.168 191.532
-463.977 -128.168 191.532
-463.977 -128.168 191.532
-463.977 -128.168 191.532
-463.977 -128.168 191.532
-463.977 -128.168 191.532
