-264.458 -436.992 177.5
-264.458 -436.992 177.5
-264.458 -436.992 177.5
-264.458 -436.992 177.5
-264.458 -436.992 177.5
-264.458 -436.992 177.5
-264.458 -436.992 177.5
-264.458 -436.992 177.5
-264.458 -436.992 177.5
-264.458 -436.992 177.5
-264.458 -436.992 177.501
-264.458 -436.991 177.501
-264.458 -436.991 177.502
-264.459 -436.99 177.503
-264.459 -436.99 177.504
-264.46 -436.988 177.505
-264.461 -436.987 177.507
-264.463 -436.985 177.509
-264.465 -436.983 177.511
-264.468 -436.98 177.513
-264.473 -436.977 177.516
-264.477 -436.974 177.519
-264.499 -437.081 177.567
-264.476 -437.103 177.568
-264.453 -437.123 177.57
-264.432 -437.14 177.571
-264.414 -437.154 177.571
-264.401 -437.164 177.577
-264.396 -437.168 177.602
-264.405 -437.163 177.66
-264.431 -437.148 177.773
-264.483 -437.118 177.971
-264.566 -437.069 178.271
-264.676 -437.005 178.661
-264.834 -436.912 179.217
-265.029 -436.797 179.894
-265.295 -436.635 180.812
-265.607 -436.442 181.881
-265.987 -436.2 183.177
-266.475 -435.88 184.837
-267.015 -435.515 186.678
-267.673 -435.049 188.928
-268.351 -434.543 191.249
-269.072 -433.97 193.714
-269.822 -433.334 196.268
-270.588 -432.637 198.851
-271.407 -431.833 201.575
-272.216 -430.973 204.202
-272.916 -430.176 206.399
-273.665 -429.272 208.65
-274.42 -428.314 210.795
-275.241 -427.228 212.971
-276.085 -426.073 215.033
-276.906 -424.923 216.866
-277.763 -423.706 218.604
-278.663 -422.418 220.251
-279.681 -420.967 221.912
-280.697 -419.534 223.383
-281.782 -418.029 224.776
-282.944 -416.451 226.094
-284.364 -414.573 227.503
-285.621 -412.954 228.6
-287.149 -411.028 229.788
-288.66 -409.153 230.841
-290.237 -407.216 231.838
-291.873 -405.223 232.784
-293.557 -403.179 233.682
-295.513 -400.807 234.646
-297.154 -398.813 235.399
-298.94 -396.636 236.169
-300.873 -394.269 236.948
-302.708 -392.005 237.641
-304.564 -389.698 238.3
-306.689 -387.031 239.007
-308.453 -384.791 239.56
-310.356 -382.35 240.123
-312.396 -379.702 240.69
-314.446 -377.014 241.221
-316.503 -374.293 241.716
-318.435 -371.715 242.146
-320.37 -369.117 242.542
-322.307 -366.503 242.904
-324.373 -363.699 243.253
-326.314 -361.055 243.549
-328.259 -358.394 243.819
-330.341 -355.535 244.081
-332.564 -352.471 244.335
-334.405 -349.926 244.529
-336.388 -347.175 244.726
-338.517 -344.216 244.926
-340.524 -341.425 245.11
-342.543 -338.624 245.295
-344.707 -335.632 245.498
-346.883 -332.642 245.713
-348.934 -329.848 245.929
-350.995 -327.068 246.165
-353.067 -324.303 246.421
-355.289 -321.374 246.718
-357.522 -318.465 247.039
-359.627 -315.757 247.364
-361.742 -313.068 247.71
-363.868 -310.4 248.08
-366.004 -307.753 248.473
-368.288 -304.954 248.914
-370.568 -302.18 249.375
-372.697 -299.603 249.821
-374.809 -297.051 250.278
-376.898 -294.525 250.742
-379.094 -291.86 251.241
-381.25 -289.227 251.741
-383.238 -286.783 252.209
-385.194 -284.358 252.677
-387.377 -281.625 253.204
-389.15 -279.383 253.635
-391.025 -276.984 254.093
-393.002 -274.423 254.577
-394.953 -271.858 255.054
-396.758 -269.449 255.494
-398.538 -267.04 255.926
-400.407 -264.473 256.377
-402.13 -262.07 256.789
-403.823 -259.674 257.189
-405.594 -257.129 257.603
-407.221 -254.755 257.978
-408.814 -252.395 258.341
-410.375 -250.052 258.695
-411.901 -247.728 259.04
-413.493 -245.273 259.4
-414.95 -242.996 259.731
-416.467 -240.598 260.079
-417.945 -238.233 260.415
-419.293 -236.048 260.711
-420.691 -233.757 260.994
-421.962 -231.647 261.219
-423.275 -229.441 261.406
-424.464 -227.416 261.522
-425.614 -225.437 261.572
-426.801 -223.374 261.548
-427.954 -221.358 261.447
-429.012 -219.506 261.281
-430.052 -217.689 261.047
-431.082 -215.904 260.745
-432.175 -214.031 260.349
-433.199 -212.3 259.908
-434.226 -210.593 259.405
-435.395 -208.684 258.767
-436.432 -207.022 258.15
-437.476 -205.379 257.489
-438.529 -203.754 256.789
-439.664 -202.037 256.004
-440.739 -200.444 255.239
-441.826 -198.866 254.445
-442.997 -197.199 253.569
-444.107 -195.651 252.719
-445.228 -194.119 251.844
-446.36 -192.602 250.943
-447.502 -191.101 250.017
-448.654 -189.615 249.068
-449.81 -188.146 248.1
-450.967 -186.696 247.116
-452.195 -185.171 246.054
-453.337 -183.763 245.051
-454.466 -182.378 244.045
-455.649 -180.928 242.972
-456.807 -179.507 241.902
-457.869 -178.202 240.899
-458.836 -177.008 239.961
-459.845 -175.755 238.95
-460.889 -174.449 237.864
-461.835 -173.254 236.836
-462.867 -171.933 235.656
-463.741 -170.799 234.601
-464.585 -169.696 233.537
-465.401 -168.625 232.467
-466.192 -167.587 231.392
-466.96 -166.584 230.317
-467.708 -165.616 229.243
-468.487 -164.623 228.102
-469.245 -163.672 226.977
-469.93 -162.814 225.946
-470.585 -161.987 224.952
-471.247 -161.136 223.943
-471.827 -160.366 223.057
-472.364 -159.62 222.241
-472.883 -158.848 221.459
-473.323 -158.146 220.803
-473.72 -157.463 220.213
-474.101 -156.754 219.645
-474.422 -156.105 219.161
-474.712 -155.471 218.714
-474.989 -154.81 218.266
-475.239 -154.16 217.838
-475.439 -153.602 217.472
-475.654 -152.974 217.056
-475.859 -152.355 216.633
-476.049 -151.783 216.222
-476.242 -151.216 215.79
-476.458 -150.618 215.296
-476.659 -150.098 214.833
-476.901 -149.508 214.272
-477.159 -148.921 213.683
-477.413 -148.375 213.11
-477.68 -147.832 212.522
-477.978 -147.255 211.885
-478.27 -146.716 211.282
-478.575 -146.181 210.678
-478.894 -145.652 210.074
-479.227 -145.131 209.473
-479.601 -144.59 208.835
-479.97 -144.097 208.243
-480.357 -143.623 207.657
-480.791 -143.14 207.041
-481.217 -142.711 206.474
-481.657 -142.308 205.918
-482.104 -141.933 205.375
-482.584 -141.566 204.811
-483.062 -141.236 204.266
-483.531 -140.944 203.742
-483.93 -140.723 203.301
-484.339 -140.52 202.845
-484.725 -140.348 202.402
-485.082 -140.205 201.968
-485.405 -140.086 201.539
-485.723 -139.976 201.053
-485.954 -139.897 200.62
-486.145 -139.827 200.149
-486.272 -139.775 199.699
-486.356 -139.736 199.213
-486.391 -139.717 198.754
-486.386 -139.716 198.295
-486.342 -139.736 197.807
-486.268 -139.778 197.354
-486.165 -139.841 196.908
-486.043 -139.924 196.476
-485.908 -140.021 196.065
-485.769 -140.129 195.683
-485.617 -140.257 195.292
-485.511 -140.356 195.031
-485.408 -140.467 194.778
-485.329 -140.577 194.568
-485.277 -140.679 194.416
-485.25 -140.766 194.316
-485.24 -140.845 194.25
-485.242 -140.925 194.207
-485.251 -140.983 194.188
-485.263 -141.038 194.177
-485.277 -141.087 194.168
-485.288 -141.125 194.163
-485.298 -141.156 194.159
-485.306 -141.179 194.157
-485.311 -141.191 194.156
-485.312 -141.195 194.156
-485.31 -141.19 194.156
-485.304 -141.178 194.156
-485.294 -141.156 194.156
-485.281 -141.13 194.155
-485.265 -141.097 194.155
-485.244 -141.057 194.153
-485.221 -141.013 194.152
-485.197 -140.968 194.149
-485.17 -140.92 194.147
-485.14 -140.868 194.143
-485.103 -140.809 194.139
-485.075 -140.766 194.135
-485.039 -140.716 194.13
-485.005 -140.672 194.125
-484.969 -140.631 194.121
-484.934 -140.595 194.116
-484.898 -140.564 194.111
-484.862 -140.538 194.105
-484.827 -140.521 194.1
-484.798 -140.513 194.095
-484.773 -140.515 194.09
-484.749 -140.527 194.085
-484.73 -140.547 194.08
-484.714 -140.573 194.075
-484.701 -140.602 194.07
-484.691 -140.633 194.066
-484.681 -140.665 194.062
-484.674 -140.691 194.059
-484.668 -140.711 194.056
-484.663 -140.728 194.054
-484.659 -140.739 194.052
-484.656 -140.748 194.05
-484.653 -140.755 194.048
-484.651 -140.76 194.046
-484.65 -140.766 194.045
-484.649 -140.772 194.043
-484.649 -140.779 194.041
-484.649 -140.785 194.039
-484.649 -140.792 194.037
-484.649 -140.797 194.035
-484.649 -140.802 194.033
-484.648 -140.805 194.032
-484.648 -140.806 194.031
-484.646 -140.805 194.03
-484.644 -140.8 194.03
-484.641 -140.79 194.03
-484.636 -140.776 194.031
-484.629 -140.755 194.032
-484.62 -140.728 194.033
-484.608 -140.69 194.034
-484.594 -140.645 194.036
-484.578 -140.596 194.037
-484.558 -140.537 194.039
-484.538 -140.475 194.041
-484.515 -140.407 194.043
-484.489 -140.333 194.044
-484.461 -140.256 194.046
-484.431 -140.17 194.047
-484.4 -140.084 194.049
-484.372 -140.005 194.05
-484.346 -139.93 194.051
-484.322 -139.861 194.053
-484.301 -139.8 194.055
-484.284 -139.744 194.057
-484.27 -139.699 194.059
-484.259 -139.661 194.061
-484.251 -139.632 194.063
-484.246 -139.611 194.064
-484.242 -139.595 194.065
