-264.458 -436.992 177.5
-264.458 -436.992 177.5
-264.458 -436.992 177.5
-264.458 -436.992 177.5
-264.458 -436.992 177.5
-264.458 -436.992 177.5
-264.458 -436.992 177.5
-264.458 -436.992 177.5
-264.458 -436.992 177.5
-264.458 -436.992 177.5
-264.458 -436.992 177.5
-264.457 -436.993 177.5
-264.457 -436.993 177.5
-264.457 -436.994 177.5
-264.456 -436.995 177.5
-264.456 -436.995 177.5
-264.457 -436.995 177.5
-264.458 -436.995 177.501
-264.46 -436.994 177.501
-264.463 -436.992 177.502
-264.468 -436.989 177.503
-264.474 -436.984 177.504
-264.48 -436.979 177.506
-264.486 -436.972 177.508
-264.49 -436.965 177.511
-264.492 -436.956 177.514
-264.492 -436.946 177.518
-264.488 -436.934 177.523
-264.481 -436.921 177.527
-264.468 -436.907 177.533
-264.449 -436.889 177.538
-264.42 -436.866 177.544
-264.388 -436.844 177.548
-264.346 -436.816 177.553
-264.291 -436.782 177.556
-264.23 -436.745 177.56
-264.169 -436.708 177.562
-264.107 -436.671 177.564
-264.044 -436.633 177.566
-263.99 -436.599 177.567
-263.941 -436.567 177.568
-263.903 -436.539 177.569
-263.876 -436.514 177.572
-263.86 -436.492 177.576
-263.855 -436.472 177.583
-263.86 -436.45 177.593
-263.878 -436.428 177.609
-263.907 -436.404 177.632
-263.947 -436.379 177.665
-264.005 -436.35 177.717
-264.09 -436.314 177.804
-264.194 -436.276 177.923
-264.328 -436.231 178.085
-264.505 -436.176 178.316
-264.709 -436.116 178.595
-264.934 -436.052 178.916
-265.236 -435.965 179.366
-265.565 -435.869 179.876
-265.967 -435.749 180.524
-266.425 -435.608 181.288
-266.908 -435.453 182.119
-267.443 -435.274 183.068
-268.067 -435.058 184.205
-268.738 -434.815 185.463
-269.406 -434.564 186.748
-270.104 -434.29 188.129
-270.877 -433.973 189.7
-271.673 -433.631 191.368
-272.383 -433.312 192.899
-273.155 -432.948 194.608
-273.936 -432.562 196.38
-274.723 -432.152 198.209
-275.565 -431.689 200.214
-276.461 -431.167 202.396
-277.195 -430.714 204.225
-277.979 -430.205 206.213
-278.812 -429.634 208.361
-279.646 -429.03 210.533
-280.43 -428.434 212.59
-281.27 -427.764 214.8
-282.063 -427.102 216.885
-282.918 -426.359 219.119
-283.731 -425.624 221.217
-284.556 -424.848 223.313
-285.396 -424.029 225.399
-286.254 -423.163 227.47
-287.192 -422.184 229.654
-288.096 -421.21 231.673
-289.026 -420.18 233.656
-290.047 -419.015 235.728
-291.034 -417.859 237.625
-292.049 -416.638 239.474
-293.164 -415.262 241.388
-294.239 -413.9 243.124
-295.344 -412.467 244.8
-296.48 -410.96 246.412
-297.728 -409.269 248.06
-299.019 -407.491 249.635
-300.357 -405.623 251.137
-301.746 -403.665 252.568
-303.006 -401.875 253.762
-304.311 -400.013 254.901
-305.859 -397.794 256.138
-307.467 -395.481 257.307
-309.027 -393.229 258.343
-310.746 -390.738 259.387
-312.406 -388.322 260.31
-314.227 -385.661 261.238
-315.981 -383.089 262.055
-317.775 -380.445 262.824
-319.726 -377.551 263.595
-321.706 -374.588 264.316
-323.708 -371.564 264.992
-325.47 -368.872 265.548
-327.363 -365.947 266.11
-329.255 -362.985 266.639
-331.269 -359.792 267.171
-333.281 -356.568 267.673
-335.166 -353.522 268.122
-337.179 -350.252 268.58
-339.196 -346.966 269.022
-341.221 -343.667 269.452
-343.128 -340.567 269.85
-345.048 -337.461 270.247
-347.113 -334.144 270.679
-349.201 -330.825 271.128
-351.184 -327.712 271.572
-353.196 -324.599 272.046
-355.376 -321.28 272.591
-357.457 -318.169 273.146
-359.569 -315.06 273.738
-361.848 -311.744 274.404
-364.003 -308.637 275.054
-366.316 -305.324 275.764
-368.49 -302.221 276.44
-370.664 -299.12 277.117
-372.977 -295.816 277.835
-375.283 -292.517 278.548
-377.438 -289.431 279.211
-379.585 -286.351 279.869
-381.866 -283.074 280.565
-384.138 -279.807 281.254
-386.258 -276.755 281.895
-388.368 -273.715 282.528
-390.47 -270.689 283.151
-392.703 -267.48 283.8
-394.927 -264.293 284.43
-397.144 -261.13 285.037
-399.216 -258.192 285.581
-401.284 -255.28 286.098
-403.345 -252.397 286.582
-405.669 -249.164 287.077
-407.57 -246.53 287.435
-409.59 -243.736 287.759
-411.722 -240.789 288.026
-413.827 -237.878 288.202
-415.899 -235.002 288.277
-418.06 -231.987 288.238
-419.806 -229.535 288.112
-421.638 -226.938 287.879
-423.427 -224.374 287.542
-425.284 -221.674 287.065
-427.084 -219.011 286.463
-428.714 -216.549 285.782
-430.291 -214.12 284.994
-431.912 -211.568 284.043
-433.473 -209.056 282.985
-434.882 -206.738 281.904
-436.238 -204.456 280.743
-437.628 -202.064 279.423
-438.961 -199.715 278.026
-440.165 -197.551 276.651
-441.409 -195.28 275.117
-442.542 -193.187 273.621
-443.724 -190.989 271.965
-444.812 -188.959 270.361
-445.959 -186.825 268.598
-447.095 -184.721 266.784
-448.221 -182.644 264.919
-449.266 -180.72 263.124
-450.37 -178.689 261.159
-451.394 -176.804 259.27
-452.407 -174.934 257.335
-453.475 -172.955 255.221
-454.467 -171.116 253.203
-455.452 -169.295 251.163
-456.432 -167.496 249.116
-457.412 -165.722 247.077
-458.395 -163.977 245.059
-459.385 -162.263 243.078
-460.386 -160.584 241.147
-461.456 -158.838 239.149
-462.515 -157.145 237.214
-463.485 -155.613 235.461
-464.418 -154.142 233.766
-465.362 -152.648 232.024
-466.235 -151.239 230.351
-467.029 -149.922 228.748
-467.746 -148.701 227.211
-468.354 -147.642 225.824
-468.905 -146.666 224.485
-469.438 -145.719 223.105
-469.919 -144.867 221.769
-470.329 -144.155 220.552
-470.705 -143.523 219.367
-471.052 -142.962 218.217
-471.378 -142.461 217.105
-471.709 -141.98 215.966
-472.011 -141.568 214.945
-472.31 -141.183 213.973
-472.614 -140.814 213.053
-472.924 -140.455 212.185
-473.239 -140.106 211.361
-473.577 -139.747 210.522
-473.914 -139.404 209.715
-474.246 -139.078 208.931
-474.57 -138.771 208.159
-474.864 -138.502 207.44
-475.145 -138.252 206.727
-475.416 -138.022 206.031
-475.675 -137.811 205.363
-475.941 -137.609 204.694
-476.194 -137.43 204.081
-476.422 -137.284 203.569
-476.655 -137.151 203.101
-476.865 -137.045 202.729
-477.068 -136.954 202.406
-477.278 -136.868 202.101
-477.533 -136.771 201.75
-477.67 -136.719 201.561
-477.855 -136.647 201.295
-478.05 -136.565 200.989
-478.24 -136.476 200.662
-478.412 -136.388 200.343
-478.575 -136.295 200.018
-478.739 -136.191 199.669
-478.871 -136.095 199.368
-479.007 -135.981 199.034
-479.126 -135.863 198.715
-479.226 -135.749 198.428
-479.324 -135.626 198.13
-479.428 -135.487 197.802
-479.498 -135.396 197.585
-479.594 -135.277 197.294
-479.698 -135.162 196.999
-479.805 -135.06 196.717
-479.92 -134.961 196.431
-480.053 -134.862 196.124
-480.204 -134.762 195.797
-480.337 -134.683 195.529
-480.486 -134.604 195.245
-480.654 -134.524 194.947
-480.827 -134.45 194.658
-480.989 -134.384 194.4
-481.186 -134.308 194.099
-481.302 -134.263 193.927
-481.441 -134.208 193.726
-481.551 -134.16 193.569
-481.636 -134.117 193.449
-481.702 -134.075 193.356
-481.746 -134.037 193.295
-481.773 -134.003 193.259
-481.786 -133.972 193.242
-481.792 -133.944 193.235
-481.793 -133.916 193.234
-481.793 -133.89 193.234
-481.793 -133.864 193.234
-481.793 -133.831 193.234
-481.793 -133.816 193.234
-481.792 -133.792 193.234
-481.792 -133.771 193.234
-481.791 -133.753 193.234
-481.791 -133.736 193.234
-481.791 -133.721 193.233
-481.791 -133.708 193.233
-481.79 -133.695 193.233
-481.79 -133.683 193.232
-481.788 -133.67 193.231
-481.786 -133.657 193.231
-481.784 -133.644 193.231
-481.78 -133.63 193.23
-481.778 -133.619 193.23
-481.775 -133.609 193.229
-481.774 -133.603 193.228
-481.774 -133.599 193.227
-481.776 -133.601 193.226
-481.779 -133.606 193.224
-481.784 -133.614 193.222
-481.789 -133.624 193.221
-481.795 -133.636 193.219
-481.801 -133.649 193.217
-481.806 -133.66 193.216
-481.812 -133.671 193.214
-481.816 -133.681 193.214
-481.82 -133.689 193.213
-481.823 -133.696 193.214
-481.826 -133.702 193.214
-481.829 -133.708 193.215
-481.832 -133.714 193.217
-481.834 -133.72 193.219
-481.836 -133.725 193.222
-481.838 -133.73 193.224
-481.84 -133.735 193.227
-481.841 -133.74 193.229
-481.842 -133.746 193.231
-481.843 -133.751 193.232
