-264.458 -436.992 177.5
-264.458 -436.992 177.5
-264.458 -436.992 177.5
-264.458 -436.992 177.5
-264.458 -436.992 177.5
-264.458 -436.992 177.5
-264.458 -436.992 177.5
-264.458 -436.992 177.5
-264.458 -436.992 177.5
-264.458 -436.991 177.5
-264.458 -436.99 177.5
-264.458 -436.988 177.499
-264.458 -436.986 177.499
-264.458 -436.983 177.498
-264.458 -436.979 177.497
-264.459 -436.973 177.496
-264.46 -436.965 177.496
-264.461 -436.955 177.496
-264.463 -436.943 177.496
-264.467 -436.927 177.498
-264.471 -436.909 177.5
-264.475 -436.888 177.503
-264.48 -436.865 177.507
-264.485 -436.84 177.511
-264.489 -436.811 177.516
-264.492 -436.785 177.521
-264.493 -436.757 177.526
-264.493 -436.726 177.531
-264.489 -436.698 177.536
-264.482 -436.668 177.54
-264.47 -436.636 177.545
-264.452 -436.603 177.55
-264.429 -436.571 177.554
-264.396 -436.534 177.559
-264.359 -436.499 177.563
-264.313 -436.46 177.567
-264.264 -436.421 177.571
-264.216 -436.384 177.574
-264.171 -436.349 177.577
-264.134 -436.32 177.579
-264.105 -436.295 177.581
-264.084 -436.274 177.582
-264.072 -436.257 177.583
-264.067 -436.243 177.585
-264.067 -436.231 177.588
-264.072 -436.221 177.592
-264.08 -436.212 177.599
-264.089 -436.202 177.607
-264.1 -436.193 177.62
-264.111 -436.184 177.637
-264.124 -436.175 177.663
-264.139 -436.166 177.7
-264.152 -436.159 177.745
-264.167 -436.153 177.803
-264.182 -436.148 177.881
-264.197 -436.145 177.973
-264.21 -436.145 178.086
-264.223 -436.146 178.225
-264.236 -436.15 178.408
-264.247 -436.158 178.646
-264.253 -436.167 178.88
-264.258 -436.18 179.194
-264.259 -436.193 179.53
-264.255 -436.204 179.902
-264.244 -436.212 180.331
-264.226 -436.212 180.787
-264.202 -436.202 181.233
-264.169 -436.181 181.692
-264.123 -436.144 182.19
-264.067 -436.089 182.696
-264.005 -436.021 183.181
-263.933 -435.937 183.675
-263.846 -435.828 184.215
-263.748 -435.698 184.77
-263.646 -435.557 185.304
-263.53 -435.386 185.888
-263.422 -435.206 186.444
-263.326 -435.008 187.005
-263.25 -434.793 187.566
-263.203 -434.562 188.121
-263.196 -434.299 188.702
-263.244 -434.019 189.267
-263.343 -433.744 189.781
-263.5 -433.439 190.32
-263.689 -433.145 190.823
-263.914 -432.847 191.332
-264.167 -432.547 191.854
-264.444 -432.247 192.394
-264.759 -431.93 192.998
-265.068 -431.637 193.593
-265.432 -431.304 194.301
-265.76 -431.009 194.953
-266.094 -430.709 195.63
-266.429 -430.402 196.33
-266.787 -430.065 197.1
-267.119 -429.736 197.844
-267.45 -429.391 198.606
-267.807 -429.001 199.438
-268.151 -428.609 200.231
-268.555 -428.128 201.145
-268.904 -427.699 201.906
-269.299 -427.2 202.728
-269.719 -426.659 203.555
-270.197 -426.029 204.439
-270.641 -425.432 205.21
-271.147 -424.743 206.031
-271.757 -423.896 206.951
-272.331 -423.088 207.751
-272.938 -422.221 208.534
-273.58 -421.292 209.3
-274.261 -420.298 210.053
-274.985 -419.237 210.8
-275.756 -418.107 211.545
-276.633 -416.821 212.347
-277.513 -415.537 213.11
-278.515 -414.081 213.944
-279.585 -412.534 214.805
-280.578 -411.106 215.582
-281.775 -409.393 216.5
-283.038 -407.595 217.45
-284.365 -405.715 218.437
-285.578 -404.005 219.33
-287.022 -401.978 220.389
-288.428 -400.012 221.417
-289.877 -397.988 222.479
-291.363 -395.914 223.57
-292.978 -393.655 224.763
-294.618 -391.356 225.985
-296.171 -389.173 227.153
-297.731 -386.97 228.341
-299.397 -384.606 229.624
-300.956 -382.378 230.84
-302.506 -380.144 232.062
-304.146 -377.758 233.369
-305.664 -375.522 234.592
-307.161 -373.292 235.809
-308.728 -370.923 237.095
-310.267 -368.566 238.362
-311.686 -366.369 239.526
-312.995 -364.328 240.585
-314.383 -362.154 241.684
-315.761 -359.992 242.74
-317.314 -357.556 243.876
-318.681 -355.42 244.819
-320.049 -353.294 245.706
-321.512 -351.03 246.595
-322.889 -348.908 247.38
-324.274 -346.781 248.121
-325.669 -344.645 248.821
-327.17 -342.351 249.528
-328.592 -340.181 250.158
-330.121 -337.846 250.799
-331.661 -335.492 251.413
-333.209 -333.118 252.008
-334.569 -331.027 252.516
-336.127 -328.622 253.087
-337.588 -326.353 253.619
-339.829 -322.849 254.436
-340.61 -321.624 254.722
-342.175 -319.164 255.297
-343.65 -316.846 255.841
-345.134 -314.516 256.393
-346.629 -312.175 256.954
-348.238 -309.666 257.564
-349.967 -306.988 258.224
-351.3 -304.934 258.733
-352.953 -302.403 259.358
-354.514 -300.029 259.937
-356.188 -297.502 260.542
-357.767 -295.139 261.092
-359.352 -292.786 261.618
-360.941 -290.446 262.121
-362.634 -287.963 262.635
-364.32 -285.496 263.13
-365.888 -283.197 263.58
-367.336 -281.065 263.99
-369.067 -278.493 264.481
-370.762 -275.944 264.967
-372.128 -273.86 265.366
-373.653 -271.497 265.823
-375.047 -269.298 266.254
-376.404 -267.116 266.689
-377.808 -264.807 267.159
-379.165 -262.516 267.636
-380.395 -260.385 268.093
-381.59 -258.268 268.558
-382.756 -256.162 269.032
-383.902 -254.066 269.514
-385.112 -251.836 270.037
-386.316 -249.61 270.569
-387.525 -247.383 271.11
-388.593 -245.432 271.59
-389.75 -243.34 272.107
-390.923 -241.248 272.622
-392.276 -238.88 273.201
-393.493 -236.795 273.7
-395.491 -233.472 274.468
-396.002 -232.644 274.652
-397.387 -230.444 275.124
-398.89 -228.123 275.585
-400.149 -226.225 275.927
-401.515 -224.21 276.246
-402.99 -222.083 276.525
-404.572 -219.854 276.742
-405.977 -217.916 276.856
-407.388 -216.007 276.893
-408.895 -214.003 276.841
-410.308 -212.152 276.705
-411.716 -210.328 276.48
-413.117 -208.532 276.163
-414.506 -206.762 275.75
-415.973 -204.903 275.201
-417.329 -203.187 274.587
-418.662 -201.496 273.885
-419.97 -199.83 273.102
-421.247 -198.188 272.245
-422.571 -196.464 271.258
-423.694 -194.977 270.339
-424.933 -193.303 269.234
-426.127 -191.656 268.076
-427.21 -190.134 266.946
-428.332 -188.534 265.7
-429.425 -186.957 264.416
-430.428 -185.497 263.182
-431.416 -184.054 261.923
-432.391 -182.628 260.643
-433.289 -181.312 259.438
-434.296 -179.828 258.057
-435.22 -178.457 256.768
-436.237 -176.928 255.326
-437.049 -175.691 254.163
-437.89 -174.389 252.949
-438.698 -173.113 251.777
-439.517 -171.779 250.574
-440.236 -170.554 249.487
-440.943 -169.276 248.37
-441.58 -168.026 247.296
-442.138 -166.805 246.262
-442.583 -165.686 245.329
-442.93 -164.664 244.486
-443.268 -163.525 243.554
-443.566 -162.416 242.651
-443.851 -161.337 241.772
-444.128 -160.354 240.968
-444.459 -159.335 240.127
-444.849 -158.346 239.3
-445.311 -157.387 238.481
-445.806 -156.515 237.715
-446.359 -155.668 236.945
-447.011 -154.791 236.115
-447.676 -153.996 235.321
-448.44 -153.173 234.453
-449.206 -152.428 233.612
-450.01 -151.706 232.743
-450.843 -151.008 231.841
-451.694 -150.333 230.904
-452.61 -149.64 229.862
-453.466 -149.014 228.844
-454.309 -148.413 227.782
-455.182 -147.798 226.6
-455.972 -147.247 225.45
-456.734 -146.722 224.27
-457.466 -146.223 223.066
-458.168 -145.752 221.849
-458.882 -145.282 220.543
-459.518 -144.871 219.323
-460.121 -144.49 218.113
-460.69 -144.14 216.913
-461.426 -143.696 215.245
-461.782 -143.485 214.376
-462.234 -143.221 213.193
-462.646 -142.982 212.012
-463.039 -142.753 210.751
-463.364 -142.563 209.567
-463.651 -142.393 208.391
-463.904 -142.241 207.232
-464.127 -142.104 206.099
-464.337 -141.972 204.93
-464.502 -141.865 203.949
-464.663 -141.758 202.95
-464.812 -141.656 202.014
-464.946 -141.558 201.141
-465.064 -141.465 200.336
-465.168 -141.369 199.554
-465.247 -141.277 198.853
-465.295 -141.194 198.273
-465.315 -141.118 197.8
-465.31 -141.04 197.364
-465.274 -140.958 196.945
-465.219 -140.895 196.625
-465.148 -140.844 196.338
-465.062 -140.808 196.071
-464.959 -140.789 195.792
-464.848 -140.794 195.504
-464.724 -140.825 195.181
-464.626 -140.864 194.927
-464.502 -140.929 194.613
-464.374 -141.007 194.301
-464.253 -141.091 194.018
-464.13 -141.181 193.75
-464.006 -141.276 193.501
-463.884 -141.372 193.275
-463.759 -141.474 193.059
-463.642 -141.575 192.869
-463.545 -141.667 192.716
-463.461 -141.755 192.586
-463.39 -141.841 192.474
-463.34 -141.925 192.385
-463.318 -141.983 192.336
-463.307 -142.049 192.294
-463.31 -142.108 192.27
-463.325 -142.168 192.257
-463.347 -142.225 192.251
-463.374 -142.284 192.25
-463.405 -142.349 192.249
-463.434 -142.413 192.248
-463.464 -142.477 192.247
-463.495 -142.544 192.246
-463.521 -142.606 192.244
-463.545 -142.664 192.242
-463.567 -142.727 192.238
-463.58 -142.771 192.235
-463.59 -142.813 192.231
-463.597 -142.849 192.227
-463.601 -142.882 192.222
-463.604 -142.906 192.218
-463.606 -142.926 192.215
-463.609 -142.942 192.212
-463.612 -142.95 192.21
-463.617 -142.951 192.209
-463.624 -142.942 192.21
-463.634 -142.923 192.211
-463.647 -142.891 192.214
-463.665 -142.84 192.219
-463.686 -142.781 192.224
-463.711 -142.703 192.231
-463.741 -142.614 192.239
-463.775 -142.51 192.248
-463.808 -142.409 192.257
-463.843 -142.303 192.266
-463.875 -142.208 192.274
-463.906 -142.122 192.281
-463.934 -142.047 192.286
-463.96 -141.983 192.29
-463.984 -141.925 192.294
-464.006 -141.878 192.296
-464.025 -141.842 192.298
-464.038 -141.818 192.298
-464.05 -141.802 192.298
-464.059 -141.793 192.298
-464.068 -141.789 192.297
-464.073 -141.792 192.296
-464.077 -141.799 192.294
-464.081 -141.808 192.293
-464.085 -141.82 192.291
-464.088 -141.83 192.29
-464.091 -141.842 192.288
-464.094 -141.852 192.287
-464.097 -141.861 192.286
-464.099 -141.871 192.285
-464.1 -141.878 192.284
-464.099 -141.885 192.282
-464.097 -141.89 192.281
-464.094 -141.894 192.279
-464.091 -141.897 192.278
-464.086 -141.898 192.277
-464.081 -141.898 192.276
-464.076 -141.897 192.275
-464.071 -141.895 192.275
-464.067 -141.892 192.275
-464.062 -141.889 192.276
-464.057 -141.885 192.276
-464.051 -141.882 192.276
-464.044 -141.88 192.276
-464.035 -141.88 192.274
-464.025 -141.882 192.272
-464.011 -141.887 192.268
-463.998 -141.893 192.264
-463.982 -141.9 192.259
-463.962 -141.909 192.253
-463.942 -141.919 192.247
-463.919 -141.93 192.24
-463.898 -141.939 192.234
-463.872 -141.947 192.227
-463.844 -141.952 192.22
-463.811 -141.95 192.214
-463.779 -141.941 192.208
-463.74 -141.922 192.203
-463.695 -141.891 192.198
-463.643 -141.846 192.193
-463.586 -141.787 192.188
-463.518 -141.709 192.184
-463.45 -141.623 192.18
-463.377 -141.526 192.177
-463.302 -141.417 192.174
-463.223 -141.298 192.171
-463.136 -141.16 192.169
-463.054 -141.023 192.167
-462.972 -140.878 192.166
-462.885 -140.717 192.165
-462.8 -140.551 192.166
-462.724 -140.392 192.167
-462.648 -140.22 192.17
-462.582 -140.059 192.173
-462.522 -139.901 192.177
-462.467 -139.747 192.182
