-264.458 -436.992 177.5
-264.458 -436.992 177.5
-264.458 -436.992 177.5
-264.458 -436.992 177.5
-264.458 -436.992 177.5
-264.458 -436.992 177.5
-264.458 -436.992 177.5
-264.458 -436.992 177.5
-264.458 -436.992 177.5
-264.458 -436.992 177.5
-264.457 -436.991 177.5
-264.457 -436.991 177.5
-264.457 -436.991 177.5
-264.456 -436.99 177.501
-264.455 -436.988 177.501
-264.455 -436.986 177.501
-264.454 -436.982 177.502
-264.455 -436.976 177.503
-264.457 -436.968 177.505
-264.46 -436.958 177.507
-264.465 -436.943 177.51
-264.47 -436.926 177.513
-264.478 -436.906 177.517
-264.488 -436.878 177.523
-264.492 -436.865 177.525
-264.5 -436.843 177.531
-264.507 -436.822 177.536
-264.512 -436.805 177.541
-264.516 -436.79 177.547
-264.521 -436.779 177.552
-264.525 -436.771 177.557
-264.531 -436.769 177.562
-264.539 -436.771 177.567
-264.55 -436.781 177.571
-264.563 -436.796 177.575
-264.579 -436.818 177.578
-264.601 -436.851 177.582
-264.627 -436.89 177.586
-264.658 -436.939 177.591
-264.699 -437.002 177.597
-264.748 -437.078 177.605
-264.801 -437.16 177.618
-264.862 -437.25 177.646
-264.935 -437.352 177.7
-265.015 -437.459 177.792
-265.097 -437.56 177.922
-265.186 -437.661 178.103
-265.286 -437.764 178.363
-265.391 -437.861 178.7
-265.49 -437.945 179.092
-265.585 -438.022 179.564
-265.674 -438.09 180.122
-265.752 -438.148 180.771
-265.817 -438.195 181.517
-265.867 -438.23 182.424
-265.893 -438.247 183.369
-265.898 -438.247 184.385
-265.877 -438.225 185.526
-265.829 -438.177 186.702
-265.757 -438.107 187.817
-265.658 -438.011 188.924
-265.532 -437.886 190.006
-265.38 -437.735 191.056
-265.196 -437.547 192.138
-264.991 -437.331 193.18
-264.786 -437.107 194.116
-264.571 -436.863 195.012
-264.335 -436.583 195.92
-264.113 -436.302 196.727
-263.896 -436.002 197.496
-263.68 -435.655 198.283
-263.5 -435.3 198.996
-263.349 -434.914 199.693
-263.227 -434.463 200.427
-263.156 -433.967 201.159
-263.141 -433.457 201.848
-263.178 -432.903 202.543
-263.276 -432.261 203.291
-263.414 -431.654 203.953
-263.616 -430.956 204.671
-263.895 -430.156 205.449
-264.243 -429.295 206.24
-264.629 -428.433 206.996
-265.073 -427.518 207.774
-265.604 -426.484 208.633
-266.154 -425.461 209.473
-266.75 -424.386 210.351
-267.435 -423.182 211.338
-268.165 -421.92 212.382
-268.886 -420.685 213.412
-269.64 -419.398 214.483
-270.42 -418.06 215.586
-271.223 -416.671 216.714
-272.099 -415.134 217.935
-272.991 -413.54 219.165
-273.838 -411.993 220.317
-274.698 -410.393 221.463
-275.576 -408.735 222.599
-276.542 -406.894 223.796
-277.544 -404.975 224.974
-278.522 -403.097 226.055
-279.613 -401.005 227.182
-280.614 -399.094 228.14
-281.812 -396.822 229.205
-283.07 -394.458 230.235
-284.304 -392.163 231.171
-285.593 -389.796 232.077
-286.937 -387.36 232.953
-288.339 -384.857 233.799
-289.899 -382.119 234.67
-291.526 -379.31 235.517
-293.114 -376.611 236.297
-294.764 -373.851 237.07
-296.593 -370.837 237.897
-298.493 -367.751 238.734
-300.341 -364.792 239.537
-302.38 -361.569 240.416
-304.348 -358.494 241.257
-306.365 -355.377 242.107
-308.564 -352.016 243.018
-310.664 -348.842 243.87
-312.938 -345.443 244.771
-314.953 -342.467 245.547
-317.281 -339.07 246.416
-319.63 -335.682 247.262
-321.848 -332.517 248.034
-324.078 -329.366 248.782
-326.465 -326.025 249.552
-328.709 -322.914 250.244
-331.104 -319.624 250.95
-333.5 -316.361 251.621
-335.748 -313.324 252.218
-337.997 -310.306 252.786
-340.248 -307.304 253.325
-342.649 -304.115 253.867
-344.902 -301.137 254.347
-347.156 -298.166 254.798
-349.408 -295.2 255.226
-351.659 -292.235 255.637
-354.054 -289.072 256.063
-356.442 -285.906 256.483
-358.671 -282.931 256.879
-361.036 -279.748 257.309
-363.094 -276.953 257.697
-365.436 -273.747 258.152
-367.771 -270.526 258.618
-369.958 -267.494 259.061
-372.294 -264.243 259.537
-374.637 -260.975 260.014
-376.845 -257.894 260.46
-379.064 -254.798 260.903
-381.291 -251.692 261.342
-383.521 -248.585 261.778
-385.898 -245.278 262.24
-388.269 -241.986 262.7
-390.334 -239.127 263.1
-392.534 -236.093 263.526
-394.718 -233.095 263.948
-396.887 -230.135 264.354
-399.185 -227.021 264.761
-401.469 -223.953 265.127
-403.738 -220.932 265.441
-405.995 -217.961 265.69
-408.1 -215.222 265.855
-410.193 -212.53 265.946
-412.27 -209.889 265.959
-414.326 -207.301 265.892
-416.357 -204.77 265.742
-418.36 -202.301 265.506
-420.459 -199.739 265.154
-422.514 -197.256 264.697
-424.399 -194.999 264.171
-426.239 -192.81 263.552
-428.033 -190.685 262.839
-429.777 -188.624 262.035
-431.579 -186.491 261.076
-433.211 -184.552 260.082
-434.784 -182.669 258.999
-436.301 -180.839 257.831
-437.766 -179.059 256.588
-439.279 -177.213 255.188
-440.657 -175.526 253.815
-441.911 -173.987 252.489
-443.226 -172.374 251.027
-444.602 -170.689 249.43
-445.95 -169.042 247.796
-447.266 -167.433 246.125
-448.391 -166.058 244.631
-449.564 -164.62 242.998
-450.703 -163.22 241.329
-451.805 -161.859 239.624
-452.936 -160.452 237.767
-454.087 -159.012 235.757
-455.057 -157.792 233.963
-455.924 -156.698 232.277
-456.868 -155.505 230.346
-457.763 -154.376 228.421
-458.556 -153.379 226.631
-459.305 -152.443 224.861
-460.056 -151.51 223.005
-460.673 -150.745 221.412
-461.335 -149.928 219.635
-461.952 -149.166 217.912
-462.489 -148.501 216.352
-462.989 -147.878 214.852
-463.51 -147.221 213.226
-463.93 -146.679 211.847
-464.311 -146.168 210.513
-464.651 -145.685 209.213
-464.968 -145.196 207.856
-465.237 -144.729 206.518
-465.442 -144.308 205.273
-465.608 -143.899 204.039
-465.743 -143.503 202.83
-465.859 -143.118 201.66
-465.973 -142.719 200.469
-466.089 -142.331 199.354
-466.212 -141.975 198.393
-466.413 -141.514 197.259
-466.528 -141.29 196.757
-466.709 -140.966 196.082
-466.907 -140.64 195.462
-467.097 -140.34 194.942
-467.258 -140.087 194.542
-467.394 -139.865 194.222
-467.502 -139.667 193.966
-467.572 -139.507 193.787
-467.611 -139.389 193.676
-467.631 -139.297 193.61
-467.635 -139.23 193.578
-467.631 -139.185 193.568
-467.623 -139.155 193.569
-467.618 -139.143 193.571
-467.616 -139.143 193.574
-467.616 -139.154 193.575
-467.617 -139.171 193.576
-467.621 -139.194 193.577
-467.625 -139.219 193.577
-467.631 -139.242 193.578
-467.637 -139.265 193.578
-467.643 -139.285 193.578
-467.649 -139.303 193.578
-467.654 -139.32 193.578
-467.659 -139.335 193.577
-467.663 -139.349 193.576
-467.666 -139.364 193.574
-467.668 -139.378 193.572
-467.668 -139.392 193.57
-467.666 -139.408 193.567
-467.663 -139.422 193.564
-467.657 -139.436 193.56
-467.649 -139.451 193.555
-467.639 -139.464 193.551
-467.626 -139.478 193.546
-467.612 -139.492 193.541
-467.595 -139.508 193.535
-467.579 -139.523 193.529
-467.562 -139.539 193.523
-467.547 -139.555 193.517
-467.533 -139.571 193.511
-467.518 -139.589 193.504
-467.504 -139.607 193.498
-467.487 -139.624 193.491
-467.464 -139.641 193.484
-467.439 -139.655 193.476
-467.407 -139.667 193.468
-467.366 -139.676 193.459
-467.32 -139.683 193.45
-467.272 -139.688 193.441
-467.218 -139.692 193.431
-467.165 -139.696 193.421
-467.119 -139.7 193.412
-467.078 -139.704 193.404
-467.043 -139.71 193.397
-467.015 -139.718 193.39
-466.992 -139.727 193.384
-466.974 -139.737 193.378
-466.962 -139.747 193.373
-466.952 -139.758 193.368
-466.946 -139.769 193.364
-466.942 -139.78 193.36
-466.938 -139.791 193.357
-466.936 -139.8 193.353
-466.933 -139.806 193.351
-466.931 -139.808 193.348
-466.927 -139.807 193.347
-466.921 -139.8 193.345
-466.913 -139.788 193.344
-466.904 -139.772 193.343
-466.893 -139.752 193.343
-466.881 -139.729 193.343
-466.867 -139.701 193.344
-466.851 -139.671 193.345
-466.836 -139.643 193.346
-466.821 -139.613 193.348
-466.805 -139.585 193.35
-466.791 -139.558 193.352
-466.776 -139.532 193.354
-466.763 -139.509 193.356
-466.753 -139.492 193.357
-466.745 -139.481 193.357
-466.741 -139.475 193.358
-466.737 -139.473 193.357
-466.735 -139.472 193.357
-466.733 -139.471 193.356
