-264.458 -436.992 177.5
-264.458 -436.992 177.5
-264.458 -436.992 177.5
-264.458 -436.992 177.5
-264.458 -436.992 177.5
-264.458 -436.992 177.5
-264.458 -436.992 177.5
-264.458 -436.992 177.5
-264.459 -436.993 177.499
-264.461 -436.995 177.496
-264.464 -436.998 177.492
-264.47 -437.003 177.486
-264.477 -437.01 177.476
-264.488 -437.02 177.463
-264.503 -437.029 177.448
-264.524 -437.031 177.437
-264.551 -437.02 177.432
-264.586 -436.991 177.439
-264.632 -436.939 177.459
-264.694 -436.851 177.502
-264.765 -436.732 177.564
-264.861 -436.558 177.659
-264.957 -436.375 177.759
-265.061 -436.169 177.869
-265.172 -435.946 177.984
-265.296 -435.694 178.109
-265.431 -435.417 178.236
-265.543 -435.187 178.333
-265.665 -434.937 178.43
-265.795 -434.669 178.526
-265.932 -434.38 178.621
-266.046 -434.14 178.695
-266.174 -433.861 178.776
-266.3 -433.58 178.854
-266.426 -433.293 178.93
-266.55 -433.001 179.007
-266.668 -432.719 179.079
-266.786 -432.429 179.154
-266.906 -432.129 179.232
-267.038 -431.796 179.319
-267.165 -431.47 179.407
-267.297 -431.129 179.5
-267.442 -430.75 179.605
-267.583 -430.378 179.707
-267.729 -429.99 179.813
-267.891 -429.558 179.928
-268.047 -429.136 180.038
-268.21 -428.697 180.149
-268.39 -428.208 180.268
-268.569 -427.732 180.384
-268.771 -427.205 180.514
-268.975 -426.693 180.642
-269.193 -426.163 180.78
-269.445 -425.578 180.938
-269.718 -424.972 181.111
-270.012 -424.345 181.297
-270.327 -423.695 181.497
-270.64 -423.064 181.696
-270.968 -422.409 181.906
-271.335 -421.684 182.14
-271.719 -420.93 182.384
-272.091 -420.196 182.621
-272.501 -419.384 182.883
-272.922 -418.544 183.153
-273.352 -417.677 183.431
-273.762 -416.84 183.697
-274.176 -415.98 183.968
-274.622 -415.039 184.262
-275.072 -414.073 184.562
-275.497 -413.145 184.85
-275.926 -412.193 185.147
-276.362 -411.218 185.453
-276.924 -409.946 185.86
-277.285 -409.121 186.128
-277.745 -408.066 186.477
-278.247 -406.911 186.868
-278.733 -405.803 187.253
-279.236 -404.671 187.656
-279.795 -403.44 188.106
-280.344 -402.264 188.548
-280.919 -401.07 189.009
-281.566 -399.776 189.524
-282.249 -398.464 190.06
-282.92 -397.221 190.58
-283.67 -395.884 191.151
-284.556 -394.371 191.81
-285.275 -393.19 192.333
-286.076 -391.923 192.901
-286.907 -390.658 193.475
-287.824 -389.314 194.09
-288.768 -387.981 194.704
-289.674 -386.746 195.274
-290.596 -385.529 195.837
-291.596 -384.255 196.424
-292.607 -383.012 196.994
-293.564 -381.877 197.511
-294.532 -380.773 198.017
-295.577 -379.626 198.549
-296.838 -378.308 199.18
-297.58 -377.565 199.548
-298.675 -376.511 200.091
-299.79 -375.487 200.651
-300.926 -374.494 201.226
-302.005 -373.589 201.775
-303.096 -372.71 202.327
-304.268 -371.8 202.916
-305.371 -370.972 203.461
-306.401 -370.221 203.959
-307.577 -369.389 204.512
-308.674 -368.634 205.011
-309.839 -367.853 205.52
-310.923 -367.144 205.975
-312.069 -366.413 206.435
-313.203 -365.704 206.867
-314.323 -365.02 207.271
-315.36 -364.398 207.622
-316.385 -363.795 207.95
-317.944 -362.903 208.42
-318.553 -362.565 208.596
-319.567 -362.012 208.884
-320.654 -361.436 209.188
-321.612 -360.944 209.456
-322.718 -360.392 209.769
-323.765 -359.885 210.069
-324.961 -359.321 210.418
-325.952 -358.864 210.711
-327.018 -358.382 211.033
-328.159 -357.876 211.385
-329.301 -357.376 211.745
-330.371 -356.914 212.089
-331.439 -356.457 212.438
-332.573 -355.976 212.812
-333.701 -355.499 213.184
-334.819 -355.027 213.551
-335.858 -354.589 213.889
-336.885 -354.155 214.216
-337.966 -353.696 214.553
-339.032 -353.244 214.873
-339.954 -352.856 215.138
-340.993 -352.422 215.421
-342.018 -352 215.681
-342.966 -351.618 215.901
-343.901 -351.249 216.096
-344.885 -350.871 216.274
-345.858 -350.507 216.422
-346.761 -350.178 216.532
-347.716 -349.839 216.617
-348.606 -349.531 216.666
-349.492 -349.23 216.685
-350.374 -348.937 216.673
-351.313 -348.631 216.628
-352.19 -348.351 216.561
-353.065 -348.076 216.472
-353.996 -347.788 216.357
-354.925 -347.505 216.226
-355.793 -347.244 216.091
-356.66 -346.987 215.949
-357.58 -346.717 215.791
-358.497 -346.452 215.628
-359.351 -346.209 215.473
-360.199 -345.97 215.318
-361.096 -345.722 215.154
-361.928 -345.496 215.004
-362.807 -345.261 214.847
-363.727 -345.019 214.684
-364.527 -344.812 214.539
-365.314 -344.611 214.393
-366.087 -344.417 214.243
-366.894 -344.215 214.077
-367.633 -344.032 213.914
-368.356 -343.855 213.745
-369.111 -343.673 213.559
-369.851 -343.497 213.371
-370.534 -343.337 213.195
-371.208 -343.182 213.023
-371.875 -343.033 212.857
-372.581 -342.879 212.689
-373.282 -342.73 212.532
-373.892 -342.604 212.403
-374.584 -342.464 212.266
-375.271 -342.329 212.14
-375.91 -342.207 212.032
-376.546 -342.087 211.935
-377.22 -341.964 211.842
-377.888 -341.843 211.76
-378.552 -341.726 211.687
-379.211 -341.611 211.622
-379.825 -341.504 211.567
-380.474 -341.392 211.514
-381.077 -341.287 211.468
-381.676 -341.182 211.425
-382.349 -341.065 211.382
-382.938 -340.961 211.351
-383.561 -340.85 211.326
-384.18 -340.74 211.312
-384.757 -340.637 211.31
-385.329 -340.534 211.321
-385.898 -340.43 211.344
-386.465 -340.325 211.378
-387.067 -340.212 211.425
-387.631 -340.102 211.477
-388.232 -339.98 211.54
-388.833 -339.853 211.609
-389.436 -339.72 211.681
-390.041 -339.581 211.755
-390.61 -339.445 211.821
-391.143 -339.315 211.88
-391.754 -339.164 211.94
-392.406 -339 211.992
-392.946 -338.863 212.023
-393.527 -338.717 212.042
-394.11 -338.57 212.046
-394.694 -338.425 212.033
-395.317 -338.272 212
-395.939 -338.123 211.946
-396.521 -337.988 211.875
-397.1 -337.857 211.785
-397.714 -337.724 211.665
-398.324 -337.599 211.525
-398.892 -337.489 211.378
-399.455 -337.387 211.218
-400.052 -337.288 211.037
-400.644 -337.199 210.848
-401.194 -337.127 210.667
-401.74 -337.064 210.482
-402.316 -337.009 210.279
-402.853 -336.968 210.077
-403.525 -336.93 209.801
-403.947 -336.915 209.612
-404.435 -336.904 209.373
-404.988 -336.901 209.075
-405.538 -336.91 208.745
-406.084 -336.93 208.383
-406.594 -336.961 208.016
-407.103 -337.003 207.62
-407.647 -337.062 207.166
-408.193 -337.137 206.678
-408.707 -337.221 206.192
-409.222 -337.317 205.68
-409.77 -337.431 205.115
-410.313 -337.551 204.538
-410.817 -337.667 203.994
-411.279 -337.776 203.49
-411.796 -337.897 202.925
-412.299 -338.012 202.381
-412.757 -338.114 201.891
-413.204 -338.209 201.421
-413.669 -338.303 200.941
-414.124 -338.39 200.483
-414.542 -338.465 200.074
-414.952 -338.534 199.685
-415.384 -338.6 199.289
-415.81 -338.662 198.909
-416.259 -338.726 198.514
-416.653 -338.783 198.167
-417.047 -338.843 197.816
-417.441 -338.909 197.454
-417.838 -338.982 197.076
-418.238 -339.064 196.68
-418.667 -339.16 196.238
-419.072 -339.256 195.809
-419.479 -339.357 195.368
-419.916 -339.467 194.886
-420.328 -339.572 194.427
-420.74 -339.676 193.964
-421.237 -339.799 193.406
-421.624 -339.89 192.976
-422.009 -339.976 192.554
-422.42 -340.06 192.115
-422.854 -340.138 191.669
-423.311 -340.206 191.225
-423.682 -340.249 190.888
-424.075 -340.281 190.555
-424.49 -340.302 190.229
-424.901 -340.313 189.927
-425.284 -340.316 189.663
-425.666 -340.314 189.412
-426.072 -340.309 189.157
-426.479 -340.304 188.908
-426.887 -340.299 188.663
-427.245 -340.295 188.449
-427.655 -340.292 188.201
-428.068 -340.291 187.945
-428.457 -340.291 187.697
-428.848 -340.294 187.436
-429.27 -340.299 187.143
-429.669 -340.305 186.855
-430.075 -340.314 186.56
-430.516 -340.324 186.239
-430.911 -340.334 185.956
-431.345 -340.345 185.654
-431.821 -340.357 185.337
-432.283 -340.368 185.047
-432.76 -340.377 184.763
-433.286 -340.385 184.467
-433.796 -340.388 184.196
-434.359 -340.388 183.912
-434.906 -340.382 183.65
-435.471 -340.369 183.393
-436.094 -340.349 183.123
-436.732 -340.32 182.863
-437.339 -340.287 182.631
-437.95 -340.246 182.414
-438.561 -340.199 182.216
-439.166 -340.145 182.04
-439.841 -340.077 181.871
-440.384 -340.015 181.757
-440.951 -339.946 181.659
-441.539 -339.869 181.579
-442.07 -339.797 181.526
-442.582 -339.726 181.492
-443.104 -339.654 181.475
-443.6 -339.587 181.475
-444.041 -339.53 181.487
-444.461 -339.479 181.509
-444.889 -339.43 181.54
-445.274 -339.389 181.571
-445.645 -339.353 181.603
-446.051 -339.319 181.636
-446.354 -339.297 181.657
-446.719 -339.274 181.676
-447.057 -339.256 181.691
-447.416 -339.239 181.705
-447.776 -339.225 181.719
-448.14 -339.21 181.736
-448.488 -339.197 181.755
-448.845 -339.182 181.78
-449.235 -339.165 181.81
-449.632 -339.147 181.844
-450.011 -339.131 181.876
-450.394 -339.114 181.909
-450.832 -339.096 181.944
-451.195 -339.083 181.97
-451.586 -339.069 181.995
-451.977 -339.057 182.016
-452.369 -339.045 182.035
-452.788 -339.034 182.052
-453.18 -339.024 182.068
-453.573 -339.013 182.083
-453.99 -339.003 182.1
-454.381 -338.993 182.116
-454.772 -338.983 182.134
-455.19 -338.973 182.153
-455.557 -338.964 182.171
-455.979 -338.954 182.193
-456.404 -338.945 182.216
-456.834 -338.936 182.24
-457.214 -338.929 182.261
-457.656 -338.921 182.284
-458.05 -338.914 182.302
-458.481 -338.907 182.318
-458.984 -338.899 182.328
-459.441 -338.891 182.33
-459.944 -338.883 182.322
-460.464 -338.873 182.303
-460.964 -338.863 182.277
-461.477 -338.852 182.244
-462.034 -338.838 182.2
-462.567 -338.824 182.152
-463.107 -338.808 182.097
-463.653 -338.79 182.038
-464.239 -338.769 181.971
-464.825 -338.747 181.903
-465.37 -338.725 181.841
-465.906 -338.704 181.784
-466.466 -338.682 181.73
-467.007 -338.662 181.687
-467.496 -338.645 181.658
-467.965 -338.63 181.638
-468.444 -338.616 181.626
-468.9 -338.604 181.62
-469.28 -338.595 181.618
-469.694 -338.587 181.618
-470.084 -338.581 181.617
-470.451 -338.577 181.615
-470.776 -338.574 181.611
-471.084 -338.572 181.607
-471.396 -338.569 181.604
-471.674 -338.566 181.601
-471.941 -338.561 181.601
-472.213 -338.554 181.603
-472.477 -338.545 181.608
-472.722 -338.536 181.616
-472.986 -338.525 181.627
-473.275 -338.515 181.641
-473.524 -338.509 181.655
-473.807 -338.504 181.671
-474.132 -338.503 181.689
-474.481 -338.505 181.708
-474.828 -338.507 181.725
-475.195 -338.508 181.741
-475.605 -338.507 181.754
-476.034 -338.5 181.763
-476.479 -338.487 181.765
-476.881 -338.469 181.762
-477.351 -338.441 181.755
-477.89 -338.402 181.746
-478.282 -338.369 181.742
-478.765 -338.326 181.742
-479.215 -338.284 181.751
-479.659 -338.24 181.772
-480.124 -338.194 181.808
-480.58 -338.15 181.857
-480.998 -338.11 181.913
-481.409 -338.074 181.977
-481.839 -338.041 182.051
-482.261 -338.015 182.129
-482.65 -337.997 182.204
-483.031 -337.987 182.281
-483.401 -337.984 182.362
-483.757 -337.987 182.45
-484.163 -338 182.568
-484.459 -338.016 182.673
-484.754 -338.038 182.799
-485.023 -338.066 182.944
-485.298 -338.104 183.129
-485.489 -338.138 183.282
-485.705 -338.185 183.481
-485.902 -338.24 183.689
-486.074 -338.299 183.887
-486.236 -338.364 184.086
-486.402 -338.441 184.294
-486.563 -338.525 184.498
-486.71 -338.609 184.688
-486.855 -338.694 184.875
-487.008 -338.786 185.076
-487.151 -338.87 185.264
-487.296 -338.951 185.455
-487.453 -339.032 185.663
-487.603 -339.101 185.861
-487.767 -339.164 186.08
-487.926 -339.213 186.292
-488.09 -339.25 186.511
-488.273 -339.273 186.756
-488.451 -339.28 186.996
-488.636 -339.269 187.246
-488.826 -339.245 187.502
-489.043 -339.204 187.795
-489.232 -339.159 188.05
-489.415 -339.109 188.297
-489.59 -339.057 188.532
-489.765 -339.003 188.764
-489.923 -338.954 188.972
-490.055 -338.915 189.143
-490.169 -338.889 189.288
-490.271 -338.876 189.412
-490.35 -338.885 189.502
-490.399 -338.913 189.55
-490.43 -338.973 189.569
-490.436 -339.058 189.551
-490.417 -339.178 189.495
-490.379 -339.318 189.413
-490.317 -339.498 189.294
-490.241 -339.694 189.156
-490.148 -339.917 188.996
