-264.458 -436.992 177.5
-264.458 -436.992 177.5
-264.458 -436.992 177.5
-264.458 -436.992 177.5
-264.458 -436.992 177.5
-264.458 -436.992 177.5
-264.458 -436.992 177.5
-264.458 -436.992 177.5
-264.458 -436.992 177.5
-264.458 -436.992 177.5
-264.459 -436.993 177.5
-264.459 -436.993 177.5
-264.46 -436.994 177.499
-264.462 -436.996 177.499
-264.464 -436.998 177.499
-264.467 -437.002 177.498
-264.471 -437.009 177.498
-264.477 -437.018 177.498
-264.485 -437.033 177.499
-264.496 -437.053 177.5
-264.509 -437.077 177.501
-264.525 -437.108 177.502
-264.543 -437.145 177.504
-264.566 -437.194 177.506
-264.589 -437.247 177.507
-264.614 -437.31 177.508
-264.644 -437.387 177.509
-264.675 -437.476 177.509
-264.706 -437.565 177.508
-264.736 -437.66 177.507
-264.767 -437.762 177.505
-264.794 -437.858 177.503
-264.82 -437.956 177.501
-264.84 -438.041 177.498
-264.855 -438.119 177.495
-264.867 -438.189 177.493
-264.874 -438.25 177.491
-264.878 -438.302 177.489
-264.879 -438.346 177.487
-264.877 -438.379 177.487
-264.872 -438.398 177.488
-264.864 -438.407 177.491
-264.855 -438.408 177.5
-264.845 -438.402 177.517
-264.833 -438.393 177.544
-264.821 -438.379 177.588
-264.809 -438.367 177.646
-264.798 -438.356 177.723
-264.787 -438.346 177.827
-264.775 -438.337 177.982
-264.762 -438.327 178.196
-264.749 -438.317 178.463
-264.734 -438.304 178.805
-264.718 -438.289 179.234
-264.697 -438.267 179.8
-264.675 -438.239 180.475
-264.652 -438.206 181.203
-264.629 -438.165 182.015
-264.605 -438.11 182.969
-264.584 -438.048 183.939
-264.563 -437.968 185.049
-264.546 -437.873 186.229
-264.531 -437.76 187.47
-264.521 -437.643 188.6
-264.511 -437.486 189.932
-264.503 -437.303 191.299
-264.497 -437.104 192.604
-264.493 -436.876 193.925
-264.492 -436.599 195.342
-264.499 -436.303 196.668
-264.52 -435.922 198.156
-264.555 -435.543 199.445
-264.611 -435.118 200.701
-264.698 -434.614 201.996
-264.809 -434.089 203.156
-264.955 -433.513 204.262
-265.156 -432.841 205.385
-265.374 -432.204 206.322
-265.659 -431.471 207.281
-266.025 -430.63 208.256
-266.464 -429.728 209.186
-266.946 -428.826 210.018
-267.499 -427.868 210.817
-268.167 -426.785 211.637
-268.867 -425.71 212.379
-269.586 -424.655 213.053
-270.483 -423.386 213.804
-271.463 -422.049 214.541
-272.454 -420.732 215.222
-273.514 -419.356 215.9
-274.716 -417.824 216.625
-275.986 -416.229 217.357
-277.234 -414.679 218.056
-278.534 -413.078 218.773
-279.972 -411.315 219.562
-281.46 -409.5 220.382
-282.893 -407.751 221.184
-284.459 -405.84 222.078
-286.055 -403.884 223.016
-287.576 -402.012 223.94
-289.113 -400.106 224.91
-290.663 -398.168 225.93
-292.43 -395.936 227.147
-293.996 -393.939 228.27
-295.565 -391.92 229.434
-297.135 -389.882 230.632
-298.81 -387.691 231.942
-300.378 -385.625 233.196
-301.942 -383.551 234.468
-303.604 -381.332 235.838
-305.154 -379.248 237.124
-306.794 -377.022 238.487
-308.317 -374.935 239.747
-309.825 -372.849 240.98
-311.315 -370.767 242.176
-312.688 -368.829 243.252
-314.234 -366.621 244.425
-315.664 -364.56 245.466
-317.075 -362.507 246.445
-318.56 -360.329 247.415
-319.935 -358.299 248.251
-321.293 -356.281 249.01
-322.637 -354.276 249.688
-323.966 -352.285 250.287
-325.371 -350.176 250.845
-326.766 -348.083 251.326
-328.066 -346.135 251.714
-329.36 -344.202 252.046
-330.651 -342.282 252.329
-332.026 -340.249 252.583
-333.314 -338.357 252.783
-334.687 -336.352 252.965
-336.058 -334.36 253.121
-337.256 -332.626 253.243
-338.539 -330.777 253.366
-339.992 -328.692 253.504
-341.186 -326.982 253.622
-342.552 -325.034 253.764
-343.833 -323.213 253.906
-345.117 -321.396 254.055
-346.492 -319.46 254.225
-347.873 -317.527 254.405
-349.175 -315.715 254.586
-350.486 -313.902 254.777
-351.805 -312.089 254.979
-353.221 -310.156 255.207
-354.648 -308.222 255.447
-356.085 -306.29 255.7
-357.441 -304.48 255.948
-358.807 -302.671 256.207
-360.179 -300.865 256.476
-361.643 -298.944 256.772
-363.007 -297.151 257.058
-364.357 -295.369 257.35
-365.685 -293.6 257.646
-366.984 -291.848 257.945
-368.331 -290 258.266
-369.634 -288.178 258.589
-370.815 -286.493 258.89
-371.959 -284.832 259.192
-373.14 -283.088 259.512
-374.489 -281.055 259.889
-375.313 -279.793 260.125
-376.312 -278.24 260.417
-377.281 -276.712 260.705
-378.283 -275.108 261.01
-379.196 -273.623 261.292
-380.088 -272.154 261.57
-380.959 -270.697 261.845
-381.814 -269.248 262.117
-382.655 -267.805 262.386
-383.485 -266.365 262.652
-384.36 -264.83 262.934
-385.228 -263.295 263.215
-386.038 -261.853 263.478
-386.846 -260.406 263.741
-387.71 -258.856 264.024
-388.523 -257.394 264.291
-389.341 -255.923 264.562
-390.167 -254.44 264.838
-391.057 -252.845 265.14
-392.017 -251.132 265.47
-392.82 -249.707 265.751
-393.694 -248.164 266.062
-394.583 -246.603 266.385
-395.489 -245.025 266.713
-396.473 -243.326 267.062
-397.477 -241.612 267.403
-398.435 -239.994 267.708
-399.41 -238.366 267.994
-400.403 -236.729 268.253
-401.412 -235.087 268.482
-402.501 -233.334 268.689
-403.594 -231.584 268.858
-404.618 -229.952 268.978
-405.634 -228.332 269.061
-406.703 -226.622 269.106
-407.751 -224.938 269.104
-408.71 -223.385 269.057
-409.648 -221.858 268.965
-410.566 -220.36 268.823
-411.703 -218.503 268.567
-412.407 -217.356 268.36
-413.33 -215.857 268.025
-414.18 -214.486 267.647
-415.018 -213.147 267.207
-415.905 -211.756 266.672
-416.789 -210.402 266.071
-417.62 -209.167 265.45
-418.459 -207.965 264.775
-419.367 -206.719 263.998
-420.235 -205.584 263.219
-421.118 -204.48 262.397
-422.014 -203.406 261.54
-422.979 -202.292 260.597
-423.831 -201.343 259.754
-424.808 -200.285 258.781
-425.787 -199.255 257.804
-426.703 -198.314 256.895
-427.617 -197.394 255.996
-428.526 -196.493 255.11
-429.429 -195.611 254.241
-430.385 -194.687 253.334
-431.33 -193.779 252.454
-432.205 -192.941 251.655
-433.07 -192.112 250.883
-433.984 -191.234 250.089
-434.893 -190.358 249.322
-435.745 -189.532 248.623
-436.601 -188.698 247.943
-437.464 -187.852 247.279
-438.396 -186.929 246.585
-439.282 -186.043 245.947
-440.179 -185.139 245.323
-441.145 -184.159 244.676
-442.057 -183.226 244.089
-442.974 -182.284 243.525
-443.954 -181.272 242.95
-444.874 -180.319 242.439
-445.791 -179.364 241.955
-446.76 -178.345 241.469
-447.655 -177.392 241.038
-448.529 -176.441 240.63
-449.379 -175.496 240.242
-450.251 -174.494 239.849
-451.031 -173.564 239.498
-451.822 -172.583 239.14
-452.569 -171.617 238.795
-453.233 -170.729 238.48
-453.861 -169.859 238.169
-454.456 -169.011 237.86
-455.018 -168.187 237.55
-455.582 -167.337 237.213
-456.115 -166.519 236.866
-456.591 -165.779 236.525
-457.048 -165.065 236.163
-457.522 -164.331 235.75
-457.986 -163.626 235.303
-458.417 -162.989 234.845
-458.849 -162.376 234.348
-459.281 -161.784 233.81
-459.716 -161.214 233.233
-460.151 -160.662 232.619
-460.559 -160.164 232.014
-461.026 -159.612 231.285
-461.466 -159.11 230.567
-461.906 -158.623 229.819
-462.377 -158.119 228.988
-462.848 -157.63 228.128
-463.318 -157.156 227.243
-463.758 -156.726 226.392
-464.226 -156.281 225.466
-464.721 -155.824 224.465
-465.126 -155.461 223.63
-465.582 -155.059 222.665
-466.028 -154.672 221.688
-466.435 -154.322 220.763
-466.852 -153.964 219.767
-467.249 -153.621 218.763
-467.623 -153.292 217.751
-467.929 -153.017 216.86
-468.253 -152.716 215.842
-468.529 -152.446 214.889
-468.778 -152.188 213.941
-469.011 -151.925 212.94
-469.208 -151.674 211.952
-469.36 -151.45 211.043
-469.481 -151.234 210.154
-469.583 -151.012 209.233
-469.662 -150.796 208.345
-469.719 -150.597 207.548
-469.764 -150.399 206.79
-469.802 -150.201 206.075
-469.838 -150.002 205.407
-469.874 -149.787 204.742
-469.909 -149.573 204.119
-469.941 -149.374 203.565
-469.973 -149.177 203.034
-470.012 -148.947 202.419
-470.042 -148.774 201.951
-470.076 -148.595 201.452
-470.112 -148.424 200.953
-470.156 -148.252 200.414
-470.208 -148.092 199.863
-470.269 -147.945 199.294
-470.337 -147.82 198.741
-470.411 -147.717 198.201
-470.503 -147.62 197.602
-470.61 -147.531 196.955
-470.724 -147.457 196.317
-470.834 -147.398 195.746
-470.95 -147.347 195.184
-471.048 -147.31 194.746
-471.146 -147.278 194.348
-471.237 -147.253 194.028
-471.324 -147.233 193.764
-471.397 -147.219 193.577
-471.462 -147.211 193.439
-471.521 -147.205 193.334
-471.569 -147.203 193.262
-471.607 -147.203 193.211
-471.634 -147.205 193.177
-471.653 -147.21 193.153
-471.669 -147.217 193.138
-471.679 -147.225 193.13
-471.689 -147.238 193.127
-471.698 -147.252 193.126
-471.708 -147.269 193.126
-471.721 -147.289 193.126
-471.733 -147.31 193.126
-471.744 -147.328 193.126
-471.753 -147.342 193.126
-471.76 -147.353 193.126
-471.761 -147.357 193.125
-471.758 -147.353 193.125
-471.751 -147.343 193.125
-471.739 -147.327 193.124
-471.723 -147.305 193.123
-471.703 -147.278 193.122
-471.68 -147.246 193.12
-471.656 -147.213 193.117
-471.629 -147.178 193.114
-471.602 -147.141 193.111
-471.572 -147.101 193.107
-471.543 -147.062 193.103
-471.514 -147.021 193.099
-471.485 -146.98 193.096
-471.459 -146.939 193.093
-471.438 -146.905 193.091
-471.418 -146.869 193.09
-471.397 -146.832 193.089
-471.381 -146.8 193.088
-471.364 -146.768 193.087
-471.349 -146.736 193.087
-471.333 -146.704 193.086
-471.318 -146.673 193.086
-471.304 -146.646 193.085
-471.292 -146.621 193.085
-471.28 -146.598 193.084
-471.269 -146.578 193.084
-471.262 -146.562 193.084
-471.256 -146.551 193.083
-471.251 -146.542 193.083
-471.249 -146.538 193.083
-471.249 -146.538 193.083
-471.25 -146.54 193.083
-471.252 -146.546 193.083
-471.256 -146.554 193.083
-471.261 -146.565 193.083
-471.267 -146.579 193.083
-471.273 -146.595 193.083
-471.28 -146.611 193.083
-471.287 -146.63 193.083
-471.294 -146.65 193.083
-471.302 -146.673 193.083
-471.309 -146.698 193.082
-471.315 -146.721 193.082
-471.321 -146.744 193.081
-471.326 -146.766 193.08
-471.33 -146.786 193.079
-471.333 -146.802 193.078
-471.334 -146.813 193.078
-471.334 -146.82 193.077
-471.334 -146.823 193.077
-471.332 -146.823 193.077
-471.331 -146.822 193.077
-471.331 -146.821 193.077
-471.331 -146.821 193.077
-471.333 -146.824 193.078
-471.337 -146.829 193.078
-471.343 -146.838 193.08
-471.349 -146.848 193.081
-471.356 -146.859 193.082
-471.364 -146.871 193.083
-471.373 -146.885 193.084
-471.381 -146.899 193.086
-471.389 -146.912 193.087
-471.397 -146.925 193.088
-471.405 -146.938 193.09
-471.412 -146.949 193.091
-471.418 -146.959 193.091
-471.423 -146.967 193.092
-471.427 -146.975 193.093
-471.431 -146.981 193.093
-471.433 -146.985 193.094
-471.435 -146.988 193.094
-471.436 -146.991 193.094
-471.437 -146.993 193.094
-471.438 -146.994 193.094
-471.438 -146.995 193.094
-471.439 -146.995 193.094
-471.439 -146.996 193.094
-471.439 -146.997 193.094
-471.44 -146.999 193.094
-471.441 -147.001 193.094
-471.443 -147.004 193.094
-471.444 -147.008 193.094
-471.446 -147.012 193.094
-471.449 -147.017 193.094
-471.452 -147.023 193.094
