-264.458 -436.992 177.5
-264.458 -436.992 177.5
-264.458 -436.992 177.5
-264.458 -436.992 177.5
-264.458 -436.992 177.5
-264.458 -436.992 177.5
-264.458 -436.992 177.5
-264.458 -436.992 177.5
-264.457 -436.992 177.5
-264.457 -436.991 177.5
-264.455 -436.991 177.5
-264.453 -436.99 177.5
-264.449 -436.988 177.499
-264.445 -436.986 177.499
-264.439 -436.982 177.498
-264.432 -436.976 177.498
-264.425 -436.966 177.498
-264.417 -436.951 177.498
-264.408 -436.929 177.499
-264.4 -436.9 177.5
-264.391 -436.864 177.502
-264.384 -436.82 177.505
-264.376 -436.773 177.508
-264.369 -436.721 177.512
-264.363 -436.671 177.515
-264.359 -436.628 177.519
-264.356 -436.592 177.522
-264.355 -436.563 177.526
-264.355 -436.543 177.529
-264.357 -436.532 177.532
-264.36 -436.526 177.534
-264.365 -436.524 177.537
-264.371 -436.525 177.539
-264.378 -436.528 177.541
-264.386 -436.531 177.544
-264.394 -436.535 177.546
-264.405 -436.541 177.548
-264.416 -436.55 177.55
-264.429 -436.561 177.552
-264.444 -436.578 177.554
-264.461 -436.599 177.556
-264.479 -436.624 177.558
-264.497 -436.653 177.559
-264.517 -436.688 177.56
-264.537 -436.725 177.562
-264.555 -436.762 177.563
-264.572 -436.8 177.564
-264.588 -436.842 177.566
-264.601 -436.881 177.567
-264.611 -436.923 177.569
-264.616 -436.967 177.57
-264.618 -437.017 177.571
-264.614 -437.077 177.572
-264.604 -437.144 177.572
-264.588 -437.217 177.572
-264.564 -437.302 177.571
-264.535 -437.395 177.569
-264.503 -437.486 177.567
-264.469 -437.579 177.565
-264.43 -437.679 177.562
-264.388 -437.784 177.558
-264.353 -437.868 177.555
-264.316 -437.954 177.551
-264.279 -438.04 177.547
-264.246 -438.114 177.543
-264.217 -438.18 177.54
-264.191 -438.239 177.536
-264.169 -438.291 177.533
-264.152 -438.332 177.531
-264.138 -438.362 177.529
-264.123 -438.389 177.529
-264.107 -438.411 177.529
-264.086 -438.433 177.531
-264.052 -438.46 177.535
-264.012 -438.488 177.54
-263.962 -438.521 177.548
-263.902 -438.555 177.561
-263.829 -438.589 177.583
-263.75 -438.618 177.617
-263.671 -438.636 177.661
-263.59 -438.644 177.72
-263.507 -438.637 177.796
-263.424 -438.615 177.889
-263.336 -438.576 178.005
-263.249 -438.521 178.134
-263.168 -438.458 178.267
-263.089 -438.384 178.407
-263.006 -438.294 178.563
-262.931 -438.2 178.713
-262.858 -438.1 178.871
-262.786 -437.993 179.043
-262.709 -437.876 179.249
-262.625 -437.749 179.501
-262.554 -437.645 179.742
-262.475 -437.535 180.038
-262.392 -437.429 180.381
-262.305 -437.324 180.77
-262.206 -437.212 181.238
-262.101 -437.097 181.76
-261.991 -436.976 182.335
-261.889 -436.863 182.883
-261.766 -436.724 183.559
-261.636 -436.57 184.287
-261.514 -436.41 185.014
-261.396 -436.231 185.779
-261.279 -436.016 186.632
-261.177 -435.774 187.519
-261.101 -435.518 188.376
-261.048 -435.231 189.253
-261.023 -434.91 190.145
-261.025 -434.555 191.045
-261.057 -434.164 191.944
-261.119 -433.734 192.834
-261.219 -433.232 193.766
-261.347 -432.719 194.614
-261.52 -432.124 195.483
-261.733 -431.48 196.307
-261.97 -430.83 197.035
-262.263 -430.085 197.758
-262.577 -429.337 198.383
-262.956 -428.487 198.989
-263.352 -427.639 199.495
-263.788 -426.74 199.938
-264.267 -425.79 200.322
-264.787 -424.791 200.656
-265.387 -423.672 200.97
-265.952 -422.648 201.216
-266.597 -421.506 201.461
-267.331 -420.236 201.712
-268.062 -418.999 201.946
-268.836 -417.718 202.188
-269.712 -416.301 202.458
-270.58 -414.927 202.729
-271.497 -413.509 203.021
-272.53 -411.946 203.361
-273.551 -410.436 203.713
-274.626 -408.881 204.1
-275.828 -407.177 204.559
-277.162 -405.323 205.105
-278.301 -403.766 205.606
-279.642 -401.959 206.24
-280.936 -400.243 206.901
-282.259 -398.51 207.632
-283.7 -396.648 208.492
-285.174 -394.768 209.435
-286.588 -392.985 210.39
-287.938 -391.301 211.342
-289.618 -389.224 212.574
-291.036 -387.484 213.647
-292.594 -385.587 214.855
-294.297 -383.522 216.204
-296.038 -381.411 217.605
-297.588 -379.526 218.868
-299.381 -377.327 220.341
-301.193 -375.078 221.839
-302.903 -372.924 223.255
-304.617 -370.725 224.675
-306.45 -368.327 226.186
-308.294 -365.871 227.696
-310.039 -363.513 229.109
-311.806 -361.097 230.522
-313.721 -358.451 232.027
-315.549 -355.902 233.437
-317.416 -353.282 234.846
-319.577 -350.229 236.44
-321.39 -347.656 237.743
-323.495 -344.656 239.216
-325.631 -341.602 240.665
-327.794 -338.503 242.083
-329.844 -335.563 243.379
-332.052 -332.398 244.719
-333.858 -329.809 245.77
-335.95 -326.802 246.935
-338.188 -323.575 248.115
-340.426 -320.332 249.222
-342.52 -317.28 250.187
-344.604 -314.219 251.075
-346.95 -310.745 251.983
-349.143 -307.48 252.749
-351.183 -304.433 253.4
-353.345 -301.207 254.033
-355.359 -298.216 254.579
-357.359 -295.264 255.088
-359.481 -292.17 255.601
-361.59 -289.138 256.093
-363.553 -286.35 256.54
-365.499 -283.611 256.979
-367.554 -280.74 257.445
-369.583 -277.919 257.913
-371.335 -275.488 258.329
-373.306 -272.751 258.818
-375.123 -270.223 259.292
-376.913 -267.733 259.78
-378.796 -265.119 260.314
-380.654 -262.549 260.861
-382.377 -260.182 261.384
-384.198 -257.702 261.952
-385.892 -255.419 262.491
-387.683 -253.028 263.069
-389.453 -250.683 263.641
-391.088 -248.524 264.165
-392.696 -246.402 264.669
-394.375 -244.178 265.178
-395.911 -242.131 265.62
-397.407 -240.118 266.022
-398.866 -238.139 266.384
-400.391 -236.061 266.729
-401.797 -234.142 267.018
-403.189 -232.248 267.276
-404.757 -230.128 267.533
-406.14 -228.277 267.734
-407.528 -226.443 267.911
-408.921 -224.625 268.069
-410.408 -222.708 268.216
-411.896 -220.814 268.344
-413.289 -219.061 268.449
-414.769 -217.219 268.547
-416.151 -215.52 268.628
-417.614 -213.737 268.703
-418.974 -212.091 268.756
-420.318 -210.467 268.788
-421.643 -208.861 268.792
-423.031 -207.165 268.76
-424.305 -205.588 268.691
-425.549 -204.021 268.578
-426.841 -202.358 268.408
-428.104 -200.703 268.194
-429.265 -199.156 267.959
-430.408 -197.615 267.697
-431.613 -195.974 267.395
-432.734 -194.438 267.096
-433.851 -192.904 266.789
-435.041 -191.266 266.454
-436.157 -189.731 266.134
-437.275 -188.193 265.807
-438.471 -186.551 265.451
-439.673 -184.904 265.087
-440.806 -183.356 264.737
-441.946 -181.803 264.38
-443.091 -180.244 264.009
-444.235 -178.677 263.618
-445.45 -176.996 263.17
-446.577 -175.41 262.714
-447.761 -173.706 262.179
-448.848 -172.096 261.627
-449.908 -170.475 261.017
-450.937 -168.843 260.347
-451.998 -167.095 259.567
-453.017 -165.344 258.717
-453.93 -163.701 257.856
-454.858 -161.953 256.869
-455.733 -160.213 255.81
-456.552 -158.485 254.678
-457.267 -156.887 253.555
-457.928 -155.316 252.378
-458.572 -153.681 251.065
-459.15 -152.097 249.699
-459.601 -150.762 248.463
-460.052 -149.302 247.011
-460.413 -148.003 245.613
-460.719 -146.774 244.186
-460.978 -145.613 242.732
-461.196 -144.522 241.257
-461.377 -143.502 239.764
-461.538 -142.491 238.157
-461.664 -141.617 236.642
-461.774 -140.811 235.12
-461.879 -140.02 233.488
-461.98 -139.295 231.848
-462.077 -138.668 230.302
-462.184 -138.087 228.746
-462.313 -137.51 227.076
-462.467 -136.973 225.395
-462.637 -136.5 223.813
-462.831 -136.055 222.236
-463.051 -135.635 220.672
-463.298 -135.237 219.131
-463.572 -134.859 217.62
-463.876 -134.5 216.15
-464.233 -134.133 214.636
-464.619 -133.783 213.177
-464.997 -133.469 211.855
-465.383 -133.168 210.573
-465.794 -132.862 209.244
-466.195 -132.571 207.949
-466.552 -132.311 206.762
-466.883 -132.064 205.6
-467.206 -131.814 204.4
-467.481 -131.59 203.329
-467.73 -131.376 202.329
-467.968 -131.159 201.357
-468.152 -130.976 200.602
-468.327 -130.788 199.907
-468.489 -130.596 199.308
-468.637 -130.4 198.807
-468.745 -130.246 198.478
-468.855 -130.079 198.167
-468.955 -129.921 197.9
-469.05 -129.772 197.649
-469.137 -129.641 197.404
-469.241 -129.496 197.08
-469.309 -129.405 196.849
-469.391 -129.297 196.549
-469.474 -129.189 196.22
-469.551 -129.085 195.888
-469.617 -128.991 195.581
-469.674 -128.9 195.282
-469.726 -128.805 194.977
-469.764 -128.721 194.724
-469.796 -128.632 194.47
-469.82 -128.535 194.221
-469.834 -128.441 194.01
-469.839 -128.345 193.823
-469.834 -128.223 193.635
-469.823 -128.125 193.514
-469.805 -128.02 193.408
-469.784 -127.918 193.322
-469.76 -127.821 193.254
-469.735 -127.733 193.202
-469.711 -127.65 193.159
-469.691 -127.588 193.13
-469.674 -127.539 193.109
-469.662 -127.505 193.094
-469.651 -127.48 193.084
-469.642 -127.466 193.078
-469.635 -127.464 193.074
-469.631 -127.471 193.071
-469.627 -127.487 193.068
-469.625 -127.51 193.064
-469.623 -127.538 193.059
-469.622 -127.567 193.055
-469.621 -127.597 193.05
-469.619 -127.626 193.045
-469.618 -127.649 193.04
-469.615 -127.666 193.036
-469.612 -127.678 193.032
-469.607 -127.683 193.029
-469.602 -127.683 193.027
-469.596 -127.677 193.025
-469.588 -127.666 193.024
-469.579 -127.649 193.023
-469.568 -127.628 193.023
-469.557 -127.604 193.024
-469.544 -127.576 193.025
-469.53 -127.547 193.025
-469.514 -127.515 193.026
-469.497 -127.482 193.026
-469.48 -127.452 193.024
-469.462 -127.423 193.022
-469.443 -127.394 193.02
-469.424 -127.367 193.016
-469.407 -127.344 193.013
-469.391 -127.322 193.01
-469.378 -127.304 193.007
-469.366 -127.288 193.004
-469.356 -127.275 193.002
-469.348 -127.264 193.001
-469.342 -127.255 193
-469.337 -127.248 192.999
-469.334 -127.243 192.999
-469.332 -127.24 192.998
-469.331 -127.239 192.998
-469.33 -127.238 192.998
-469.331 -127.239 192.998
-469.331 -127.239 192.998
-469.331 -127.239 192.998
-469.33 -127.238 192.998
-469.328 -127.235 192.998
-469.326 -127.23 192.998
-469.322 -127.223 192.998
-469.318 -127.214 192.998
-469.312 -127.202 192.998
-469.305 -127.188 192.998
-469.297 -127.174 192.998
-469.289 -127.158 192.998
-469.28 -127.14 192.998
-469.27 -127.123 192.997
-469.259 -127.108 192.997
-469.248 -127.099 192.996
-469.239 -127.099 192.994
-469.23 -127.11 192.991
-469.222 -127.132 192.987
-469.215 -127.165 192.983
-469.209 -127.207 192.977
-469.203 -127.251 192.972
-469.195 -127.306 192.965
-469.186 -127.352 192.959
-469.178 -127.39 192.953
-469.165 -127.424 192.947
-469.152 -127.445 192.942
-469.137 -127.456 192.938
-469.12 -127.458 192.935
-469.102 -127.453 192.932
-469.085 -127.441 192.93
-469.067 -127.423 192.928
-469.051 -127.402 192.928
-469.034 -127.378 192.928
-469.02 -127.352 192.928
-469.007 -127.329 192.929
-468.996 -127.309 192.929
-468.987 -127.291 192.929
-468.98 -127.281 192.928
-468.975 -127.277 192.926
-468.972 -127.279 192.924
-468.97 -127.284 192.92
-468.968 -127.289 192.917
-468.965 -127.293 192.914
-468.96 -127.291 192.912
-468.953 -127.283 192.91
-468.942 -127.265 192.909
-468.929 -127.237 192.909
-468.913 -127.204 192.91
-468.896 -127.167 192.911
-468.877 -127.126 192.913
-468.857 -127.084 192.914
-468.837 -127.042 192.915
-468.815 -126.997 192.915
-468.794 -126.955 192.915
-468.776 -126.921 192.915
-468.757 -126.888 192.914
-468.741 -126.858 192.914
-468.726 -126.832 192.913
-468.714 -126.811 192.911
-468.705 -126.798 192.91
-468.698 -126.788 192.909
-468.694 -126.782 192.908
-468.69 -126.779 192.907
-468.687 -126.776 192.906
-468.685 -126.773 192.905
-468.681 -126.769 192.905
-468.678 -126.763 192.904
-468.673 -126.755 192.904
-468.668 -126.745 192.904
-468.663 -126.735 192.904
-468.657 -126.724 192.904
-468.652 -126.712 192.904
-468.646 -126.699 192.905
-468.64 -126.687 192.905
-468.635 -126.675 192.906
-468.63 -126.663 192.907
-468.625 -126.65 192.908
-468.621 -126.638 192.909
-468.617 -126.626 192.91
-468.613 -126.615 192.912
-468.61 -126.604 192.913
-468.607 -126.594 192.914
-468.604 -126.584 192.916
-468.6 -126.574 192.917
-468.597 -126.563 192.919
-468.593 -126.553 192.919
-468.588 -126.542 192.92
-468.583 -126.53 192.921
-468.578 -126.519 192.921
-468.573 -126.508 192.921
-468.567 -126.498 192.921
-468.563 -126.489 192.921
-468.559 -126.481 192.92
-468.555 -126.474 192.919
-468.552 -126.467 192.919
-468.549 -126.462 192.917
-468.546 -126.456 192.916
-468.543 -126.451 192.915
-468.54 -126.444 192.913
-468.537 -126.438 192.911
-468.533 -126.431 192.908
-468.529 -126.423 192.906
-468.525 -126.416 192.903
-468.522 -126.409 192.9
-468.518 -126.403 192.898
-468.516 -126.398 192.896
-468.514 -126.395 192.894
-468.513 -126.394 192.893
-468.513 -126.395 192.892
-468.513 -126.397 192.891
-468.514 -126.401 192.89
-468.516 -126.407 192.889
-468.518 -126.415 192.889
-468.521 -126.425 192.888
-468.524 -126.436 192.887
-468.528 -126.448 192.886
-468.532 -126.461 192.886
-468.536 -126.474 192.885
-468.54 -126.486 192.886
-468.544 -126.497 192.886
-468.548 -126.508 192.888
-468.551 -126.517 192.89
-468.555 -126.525 192.892
-468.559 -126.533 192.894
-468.562 -126.54 192.897
-468.565 -126.546 192.899
-468.568 -126.552 192.9
-468.571 -126.558 192.901
-468.574 -126.563 192.902
