-264.458 -436.992 177.5
-264.458 -436.992 177.5
-264.458 -436.992 177.5
-264.458 -436.992 177.5
-264.458 -436.992 177.5
-264.458 -436.992 177.5
-264.458 -436.992 177.5
-264.458 -436.992 177.5
-264.458 -436.991 177.501
-264.459 -436.99 177.502
-264.46 -436.987 177.505
-264.461 -436.983 177.51
-264.463 -436.977 177.516
-264.466 -436.969 177.524
-264.47 -436.959 177.536
-264.474 -436.945 177.549
-264.479 -436.929 177.564
-264.483 -436.909 177.58
-264.489 -436.885 177.599
-264.494 -436.855 177.62
-264.499 -436.823 177.641
-264.504 -436.788 177.663
-264.508 -436.75 177.688
-264.512 -436.716 177.709
-264.515 -436.682 177.732
-264.518 -436.649 177.755
-264.519 -436.624 177.777
-264.52 -436.604 177.796
-264.519 -436.589 177.816
-264.517 -436.577 177.833
-264.515 -436.569 177.848
-264.513 -436.56 177.86
-264.51 -436.55 177.871
-264.507 -436.538 177.879
-264.504 -436.521 177.884
-264.503 -436.499 177.887
-264.505 -436.472 177.888
-264.511 -436.442 177.887
-264.522 -436.405 177.885
-264.54 -436.357 177.882
-264.566 -436.301 177.878
-264.601 -436.235 177.875
-264.641 -436.164 177.872
-264.687 -436.084 177.87
-264.74 -435.993 177.87
-264.799 -435.892 177.873
-264.867 -435.772 177.88
-264.941 -435.638 177.891
-265.022 -435.487 177.909
-265.104 -435.328 177.934
-265.195 -435.149 177.97
-265.302 -434.932 178.022
-265.412 -434.701 178.088
-265.535 -434.442 178.171
-265.679 -434.13 178.281
-265.838 -433.781 178.413
-266.001 -433.421 178.553
-266.179 -433.029 178.708
-266.372 -432.604 178.876
-266.595 -432.114 179.068
-266.821 -431.622 179.257
-267.062 -431.097 179.454
-267.334 -430.506 179.665
-267.599 -429.923 179.86
-267.887 -429.276 180.058
-268.179 -428.606 180.239
-268.451 -427.959 180.39
-268.772 -427.165 180.537
-268.981 -426.626 180.614
-269.24 -425.946 180.689
-269.512 -425.215 180.747
-269.782 -424.483 180.786
-270.053 -423.754 180.81
-270.309 -423.077 180.824
-270.567 -422.409 180.831
-270.847 -421.709 180.836
-271.13 -421.021 180.838
-271.413 -420.347 180.839
-271.679 -419.726 180.84
-271.943 -419.118 180.842
-272.222 -418.483 180.848
-272.498 -417.862 180.858
-272.77 -417.255 180.872
-273.006 -416.733 180.888
-273.258 -416.185 180.908
-273.526 -415.611 180.931
-273.779 -415.082 180.955
-274.033 -414.561 180.981
-274.307 -414.014 181.01
-274.583 -413.474 181.04
-274.845 -412.973 181.068
-275.107 -412.478 181.095
-275.388 -411.954 181.122
-275.652 -411.466 181.146
-275.916 -410.981 181.167
-276.198 -410.465 181.186
-276.463 -409.983 181.201
-276.728 -409.5 181.215
-276.995 -409.017 181.226
-277.263 -408.533 181.237
-277.534 -408.046 181.248
-277.826 -407.524 181.259
-278.104 -407.031 181.271
-278.387 -406.534 181.284
-278.679 -406.031 181.299
-278.981 -405.523 181.318
-279.316 -404.972 181.342
-279.669 -404.413 181.371
-280.017 -403.88 181.404
-280.382 -403.337 181.442
-280.792 -402.746 181.491
-281.221 -402.143 181.548
-281.64 -401.566 181.61
-282.104 -400.937 181.685
-282.556 -400.335 181.764
-283.021 -399.719 181.853
-283.5 -399.091 181.951
-284.02 -398.41 182.065
-284.514 -397.764 182.18
-285.009 -397.112 182.302
-285.504 -396.457 182.43
-285.994 -395.8 182.564
-286.508 -395.101 182.711
-287.015 -394.403 182.861
-287.485 -393.75 183.001
-287.954 -393.097 183.139
-288.485 -392.357 183.29
-288.958 -391.704 183.414
-289.436 -391.049 183.528
-289.889 -390.437 183.624
-290.449 -389.692 183.729
-290.985 -388.992 183.818
-291.462 -388.381 183.891
-292.015 -387.685 183.972
-292.541 -387.036 184.047
-293.111 -386.349 184.131
-293.653 -385.71 184.214
-294.238 -385.038 184.307
-294.795 -384.416 184.399
-295.395 -383.765 184.502
-296.003 -383.128 184.609
-296.617 -382.508 184.72
-297.198 -381.942 184.827
-297.785 -381.392 184.937
-298.375 -380.858 185.049
-298.966 -380.339 185.162
-299.597 -379.801 185.281
-300.227 -379.278 185.4
-300.814 -378.801 185.509
-301.396 -378.335 185.614
-302.01 -377.851 185.724
-302.578 -377.412 185.826
-303.137 -376.988 185.93
-303.686 -376.58 186.036
-304.258 -376.164 186.154
-304.815 -375.77 186.28
-305.323 -375.422 186.407
-305.817 -375.093 186.546
-306.3 -374.782 186.701
-306.775 -374.487 186.878
-307.243 -374.206 187.08
-307.706 -373.938 187.312
-308.167 -373.68 187.578
-308.628 -373.43 187.883
-309.124 -373.17 188.248
-309.628 -372.914 188.65
-310.144 -372.657 189.083
-310.644 -372.413 189.513
-311.162 -372.163 189.962
-311.703 -371.903 190.425
-312.308 -371.614 190.93
-312.941 -371.311 191.438
-313.557 -371.016 191.911
-314.195 -370.712 192.374
-314.852 -370.398 192.821
-315.526 -370.075 193.245
-316.262 -369.723 193.664
-317.014 -369.365 194.046
-317.778 -369.002 194.393
-318.551 -368.64 194.711
-319.282 -368.304 194.987
-320.015 -367.974 195.247
-320.798 -367.632 195.51
-321.578 -367.304 195.765
-322.305 -367.012 196.001
-323.03 -366.736 196.24
-323.8 -366.459 196.505
-324.57 -366.201 196.788
-325.291 -365.978 197.075
-326.013 -365.774 197.389
-326.784 -365.578 197.76
-327.557 -365.401 198.166
-328.282 -365.25 198.568
-329.008 -365.11 198.985
-329.733 -364.978 199.408
-330.507 -364.841 199.857
-331.232 -364.714 200.269
-332.003 -364.575 200.689
-332.724 -364.443 201.064
-333.538 -364.292 201.464
-334.251 -364.158 201.797
-334.96 -364.025 202.11
-335.663 -363.893 202.403
-336.405 -363.755 202.693
-337.093 -363.63 202.945
-337.774 -363.509 203.181
-338.493 -363.387 203.423
-339.205 -363.272 203.659
-339.867 -363.172 203.881
-340.524 -363.081 204.109
-341.219 -362.995 204.364
-341.909 -362.92 204.634
-342.552 -362.86 204.899
-343.19 -362.809 205.172
-343.866 -362.762 205.47
-344.538 -362.724 205.772
-345.163 -362.695 206.056
-345.866 -362.668 206.374
-346.483 -362.648 206.651
-347.097 -362.632 206.922
-347.668 -362.618 207.168
-348.319 -362.603 207.441
-348.928 -362.588 207.688
-349.578 -362.569 207.938
-350.187 -362.549 208.161
-350.837 -362.523 208.386
-351.446 -362.495 208.588
-352.054 -362.465 208.784
-352.701 -362.43 208.989
-353.345 -362.393 209.192
-353.986 -362.353 209.396
-354.543 -362.318 209.577
-355.176 -362.276 209.787
-355.765 -362.236 209.986
-356.389 -362.194 210.199
-356.971 -362.154 210.399
-357.586 -362.111 210.611
-358.16 -362.072 210.808
-358.767 -362.031 211.015
-359.372 -361.993 211.217
-359.937 -361.963 211.4
-360.502 -361.938 211.574
-361.067 -361.92 211.738
-361.71 -361.911 211.909
-362.242 -361.914 212.036
-362.815 -361.928 212.157
-363.428 -361.954 212.269
-364.039 -361.993 212.362
-364.61 -362.039 212.432
-365.176 -362.094 212.485
-365.734 -362.157 212.521
-366.321 -362.232 212.54
-366.862 -362.309 212.54
-367.396 -362.39 212.525
-367.961 -362.479 212.495
-368.522 -362.569 212.453
-369.049 -362.651 212.404
-369.577 -362.729 212.349
-370.145 -362.805 212.285
-370.718 -362.875 212.216
-371.261 -362.935 212.148
-371.809 -362.991 212.077
-372.437 -363.051 211.993
-372.959 -363.099 211.922
-373.525 -363.149 211.843
-374.134 -363.203 211.757
-374.711 -363.254 211.673
-375.292 -363.304 211.584
-375.914 -363.355 211.48
-376.539 -363.403 211.367
-377.125 -363.445 211.25
-377.788 -363.487 211.101
-378.332 -363.517 210.966
-378.911 -363.546 210.81
-379.523 -363.572 210.634
-380.163 -363.596 210.439
-380.718 -363.615 210.264
-381.261 -363.632 210.089
-381.791 -363.649 209.917
-382.307 -363.665 209.749
-382.84 -363.681 209.577
-383.355 -363.698 209.414
-383.852 -363.713 209.26
-384.3 -363.728 209.128
-384.732 -363.742 209.007
-385.146 -363.755 208.899
-385.571 -363.769 208.799
-385.958 -363.781 208.719
-386.364 -363.793 208.646
-386.743 -363.801 208.59
-387.125 -363.807 208.544
-387.514 -363.811 208.508
-387.942 -363.811 208.479
-388.357 -363.807 208.461
-388.816 -363.797 208.451
-389.291 -363.781 208.449
-389.751 -363.758 208.455
-390.226 -363.729 208.468
-390.749 -363.687 208.489
-391.29 -363.636 208.517
-391.81 -363.579 208.551
-392.343 -363.517 208.593
-392.885 -363.45 208.645
-393.473 -363.376 208.712
-394.03 -363.306 208.788
-394.592 -363.237 208.878
-395.195 -363.167 208.989
-395.799 -363.1 209.112
-396.364 -363.038 209.233
-396.926 -362.979 209.356
-397.521 -362.916 209.484
-398.108 -362.853 209.605
-398.65 -362.794 209.707
-399.183 -362.735 209.795
-399.739 -362.671 209.873
-400.25 -362.61 209.932
-400.749 -362.55 209.978
-401.27 -362.484 210.011
-401.745 -362.423 210.028
-402.208 -362.362 210.031
-402.659 -362.3 210.022
-403.128 -362.237 210
-403.56 -362.18 209.968
-403.984 -362.126 209.927
-404.404 -362.076 209.879
-404.82 -362.032 209.825
-405.233 -361.994 209.765
-405.647 -361.963 209.702
-406.088 -361.936 209.631
-406.53 -361.916 209.559
-406.945 -361.904 209.491
-407.363 -361.896 209.424
-407.812 -361.894 209.354
-408.236 -361.897 209.292
-408.692 -361.904 209.228
-409.151 -361.917 209.166
-409.585 -361.934 209.106
-410.02 -361.955 209.044
-410.457 -361.98 208.979
-410.895 -362.009 208.908
-411.391 -362.047 208.819
-411.829 -362.085 208.734
-412.263 -362.126 208.641
-412.693 -362.171 208.542
-413.145 -362.222 208.428
-413.586 -362.276 208.306
-414.017 -362.333 208.177
-414.434 -362.392 208.041
-414.815 -362.448 207.911
-415.212 -362.506 207.771
-415.577 -362.559 207.644
-415.936 -362.607 207.521
-416.314 -362.652 207.401
-416.713 -362.692 207.287
-417.017 -362.715 207.212
-417.395 -362.738 207.132
-417.755 -362.755 207.069
-418.125 -362.77 207.016
-418.532 -362.783 206.97
-418.957 -362.798 206.934
-419.375 -362.813 206.908
-419.841 -362.833 206.887
-420.297 -362.854 206.871
-420.799 -362.881 206.855
-421.315 -362.911 206.839
-421.844 -362.946 206.819
-422.349 -362.983 206.795
-422.86 -363.024 206.763
-423.341 -363.066 206.727
-423.893 -363.118 206.677
-424.413 -363.17 206.621
-425 -363.234 206.549
-425.653 -363.309 206.456
-426.061 -363.36 206.391
-426.565 -363.425 206.302
-427.062 -363.492 206.205
-427.586 -363.567 206.094
-428.101 -363.643 205.974
-428.576 -363.717 205.854
-429.043 -363.792 205.728
-429.534 -363.873 205.586
-430.016 -363.956 205.437
-430.462 -364.033 205.29
-430.905 -364.11 205.137
-431.346 -364.184 204.977
-431.906 -364.274 204.765
-432.262 -364.328 204.626
-432.741 -364.395 204.433
-433.197 -364.453 204.245
-433.659 -364.504 204.05
-434.161 -364.553 203.834
-434.672 -364.596 203.609
-435.161 -364.629 203.391
-435.661 -364.656 203.164
-436.205 -364.678 202.914
-436.763 -364.693 202.656
-437.299 -364.702 202.407
-437.885 -364.705 202.136
-438.524 -364.702 201.844
-439.026 -364.696 201.618
-439.66 -364.686 201.338
-440.27 -364.672 201.075
-440.895 -364.656 200.815
-441.532 -364.636 200.56
-442.224 -364.612 200.296
-442.925 -364.585 200.046
-443.589 -364.556 199.826
-444.257 -364.524 199.623
-444.972 -364.487 199.428
-445.687 -364.448 199.255
-446.353 -364.409 199.111
-447.101 -364.364 198.966
-447.709 -364.327 198.861
-448.307 -364.29 198.766
-448.934 -364.251 198.674
-449.545 -364.214 198.592
-450.141 -364.18 198.512
-450.762 -364.15 198.425
-451.33 -364.13 198.335
-451.886 -364.119 198.232
-452.468 -364.121 198.1
-453.039 -364.139 197.939
-453.563 -364.17 197.759
-454.075 -364.215 197.554
-454.603 -364.273 197.314
-455.107 -364.34 197.057
-455.585 -364.414 196.787
-455.977 -364.481 196.546
-456.394 -364.559 196.268
-456.73 -364.626 196.027
-457.067 -364.699 195.774
-457.408 -364.776 195.513
-457.717 -364.849 195.281
-458.02 -364.922 195.063
-458.346 -365.001 194.85
-458.682 -365.082 194.66
-459.008 -365.158 194.504
-459.368 -365.239 194.356
-459.741 -365.319 194.225
-460.127 -365.396 194.105
-460.5 -365.465 194.002
-460.885 -365.529 193.902
-461.307 -365.592 193.799
-461.714 -365.648 193.704
-462.13 -365.702 193.613
-462.583 -365.761 193.522
-463.014 -365.82 193.444
-463.452 -365.884 193.376
-463.924 -365.962 193.314
-464.401 -366.052 193.266
-464.883 -366.152 193.231
-465.371 -366.261 193.208
-465.835 -366.37 193.199
-466.306 -366.486 193.199
-466.816 -366.614 193.211
-467.336 -366.746 193.233
-467.833 -366.871 193.262
-468.336 -366.996 193.296
-468.844 -367.117 193.333
-469.357 -367.233 193.369
-469.907 -367.346 193.404
-470.458 -367.448 193.431
-470.975 -367.528 193.447
-471.526 -367.6 193.452
-472.077 -367.659 193.448
-472.631 -367.71 193.437
-473.153 -367.754 193.421
-473.75 -367.802 193.398
-474.246 -367.844 193.378
-474.821 -367.897 193.355
-475.365 -367.953 193.333
-475.916 -368.017 193.31
-476.472 -368.089 193.286
-477.032 -368.171 193.26
-477.596 -368.262 193.231
-478.164 -368.363 193.199
-478.735 -368.476 193.164
-479.346 -368.608 193.121
-479.919 -368.74 193.074
-480.529 -368.89 193.016
-481.099 -369.036 192.953
-481.666 -369.186 192.881
-482.265 -369.348 192.791
-482.858 -369.512 192.689
-483.407 -369.666 192.582
-483.949 -369.819 192.468
-484.52 -369.981 192.338
-485.083 -370.141 192.203
-485.637 -370.297 192.066
-486.148 -370.439 191.936
-486.65 -370.577 191.807
-487.174 -370.719 191.671
-487.652 -370.847 191.548
-488.115 -370.969 191.429
-488.592 -371.094 191.308
-489.047 -371.21 191.194
-489.453 -371.313 191.096
-489.838 -371.409 191.007
-490.227 -371.504 190.921
-490.57 -371.585 190.848
-490.895 -371.659 190.784
-491.22 -371.729 190.725
-491.525 -371.791 190.674
-491.793 -371.841 190.634
-492.043 -371.884 190.599
-492.292 -371.923 190.564
-492.508 -371.957 190.528
-492.708 -371.989 190.486
-492.903 -372.023 190.43
-493.079 -372.058 190.359
-493.228 -372.095 190.274
-493.362 -372.134 190.17
-493.489 -372.18 190.039
-493.6 -372.228 189.886
-493.69 -372.275 189.723
-493.772 -372.327 189.527
-493.837 -372.376 189.323
-493.89 -372.426 189.099
-493.936 -372.476 188.863
-493.975 -372.525 188.619
-494.013 -372.575 188.359
-494.052 -372.622 188.106
-494.091 -372.662 187.882
-494.135 -372.698 187.678
-494.191 -372.73 187.488
-494.258 -372.756 187.324
-494.333 -372.774 187.193
-494.427 -372.786 187.078
-494.538 -372.789 186.986
-494.66 -372.783 186.92
-494.799 -372.769 186.872
-494.955 -372.747 186.839
-495.135 -372.715 186.816
-495.338 -372.674 186.798
-495.497 -372.639 186.786
-495.693 -372.592 186.768
-495.873 -372.545 186.742
-496.046 -372.497 186.705
-496.221 -372.446 186.653
-496.386 -372.395 186.595
-496.541 -372.344 186.54
-496.686 -372.295 186.494
-496.814 -372.252 186.465
-496.934 -372.21 186.456
-497.047 -372.171 186.473
-497.159 -372.133 186.516
-497.257 -372.1 186.576
-497.35 -372.068 186.65
-497.437 -372.039 186.735
-497.521 -372.011 186.826
-497.605 -371.982 186.925
-497.686 -371.955 187.022
-497.757 -371.93 187.108
-497.818 -371.908 187.182
-497.877 -371.885 187.253
-497.928 -371.863 187.313
-497.971 -371.841 187.363
-498.002 -371.82 187.396
-498.019 -371.802 187.41
-498.026 -371.786 187.409
-498.024 -371.773 187.395
-498.014 -371.764 187.37
-498 -371.762 187.339
-497.982 -371.766 187.303
-497.962 -371.777 187.265
-497.942 -371.796 187.226
-497.922 -371.82 187.186
-497.901 -371.851 187.143
-497.881 -371.883 187.1
-497.862 -371.916 187.058
-497.846 -371.944 187.02
-497.83 -371.97 186.98
-497.818 -371.991 186.941
-497.808 -372.006 186.906
-497.801 -372.017 186.876
