-264.458 -436.992 177.5
-264.458 -436.992 177.5
-264.458 -436.992 177.5
-264.458 -436.992 177.5
-264.458 -436.992 177.5
-264.458 -436.992 177.5
-264.458 -436.992 177.5
-264.458 -436.992 177.5
-264.458 -436.993 177.5
-264.458 -436.993 177.5
-264.458 -436.995 177.5
-264.458 -436.997 177.5
-264.458 -437.001 177.499
-264.458 -437.006 177.499
-264.459 -437.012 177.499
-264.461 -437.019 177.499
-264.464 -437.028 177.499
-264.47 -437.037 177.499
-264.478 -437.048 177.499
-264.49 -437.061 177.5
-264.507 -437.075 177.502
-264.528 -437.091 177.503
-264.554 -437.109 177.506
-264.584 -437.129 177.508
-264.617 -437.152 177.51
-264.656 -437.179 177.513
-264.699 -437.21 177.515
-264.75 -437.248 177.517
-264.801 -437.286 177.52
-264.854 -437.325 177.521
-264.905 -437.365 177.523
-264.956 -437.405 177.524
-264.999 -437.438 177.525
-265.038 -437.469 177.526
-265.067 -437.491 177.526
-265.09 -437.508 177.526
-265.109 -437.519 177.526
-265.127 -437.526 177.526
-265.145 -437.528 177.525
-265.166 -437.527 177.525
-265.198 -437.52 177.524
-265.229 -437.511 177.525
-265.269 -437.495 177.529
-265.322 -437.469 177.54
-265.387 -437.43 177.561
-265.46 -437.38 177.592
-265.558 -437.305 177.644
-265.652 -437.225 177.703
-265.769 -437.123 177.79
-265.913 -436.996 177.925
-266.082 -436.854 178.116
-266.265 -436.709 178.361
-266.473 -436.553 178.682
-266.744 -436.366 179.152
-267.016 -436.194 179.672
-267.337 -436.004 180.335
-267.687 -435.808 181.102
-268.039 -435.619 181.909
-268.411 -435.424 182.794
-268.825 -435.212 183.816
-269.256 -434.996 184.913
-269.671 -434.789 186.001
-270.094 -434.577 187.14
-270.525 -434.359 188.321
-270.93 -434.15 189.455
-271.427 -433.886 190.863
-271.895 -433.628 192.211
-272.274 -433.41 193.315
-272.739 -433.13 194.679
-273.173 -432.855 195.962
-273.606 -432.565 197.246
-274.068 -432.236 198.617
-274.531 -431.885 199.987
-274.965 -431.534 201.269
-275.402 -431.158 202.548
-275.843 -430.756 203.821
-276.291 -430.323 205.085
-276.749 -429.854 206.334
-277.222 -429.346 207.565
-277.746 -428.755 208.854
-278.26 -428.152 210.034
-278.8 -427.496 211.182
-279.367 -426.785 212.298
-280.003 -425.964 213.452
-280.674 -425.079 214.572
-281.335 -424.189 215.591
-282.027 -423.239 216.581
-282.802 -422.161 217.608
-283.562 -421.086 218.543
-284.356 -419.949 219.454
-285.185 -418.745 220.34
-286.107 -417.386 221.26
-287.13 -415.852 222.211
-288.007 -414.517 222.972
-288.98 -413.011 223.769
-289.988 -411.426 224.546
-291.03 -409.763 225.305
-292.177 -407.908 226.095
-293.582 -405.605 227.011
-294.494 -404.098 227.577
-295.656 -402.161 228.272
-296.924 -400.034 229.002
-298.218 -397.85 229.72
-299.455 -395.758 230.388
-300.714 -393.629 231.056
-302.082 -391.323 231.777
-303.387 -389.137 232.465
-304.894 -386.637 233.266
-306.156 -384.568 233.95
-307.531 -382.345 234.71
-308.928 -380.12 235.498
-310.442 -377.748 236.369
-311.979 -375.383 237.27
-313.442 -373.175 238.142
-314.926 -370.981 239.039
-316.531 -368.659 240.022
-318.156 -366.359 241.029
-319.695 -364.222 241.987
-321.242 -362.103 242.952
-322.897 -359.861 243.98
-324.551 -357.639 245
-326.097 -355.573 245.939
-327.632 -353.524 246.856
-329.151 -351.493 247.744
-330.65 -349.483 248.598
-332.218 -347.366 249.465
-333.75 -345.28 250.282
-335.145 -343.356 250.997
-336.496 -341.467 251.657
-337.883 -339.493 252.296
-339.216 -337.559 252.869
-340.424 -335.777 253.352
-341.595 -334.021 253.788
-342.736 -332.285 254.183
-343.852 -330.564 254.54
-344.948 -328.852 254.865
-346.028 -327.145 255.164
-347.17 -325.327 255.46
-348.237 -323.623 255.723
-349.306 -321.919 255.977
-350.381 -320.214 256.229
-351.47 -318.505 256.486
-352.652 -316.678 256.771
-353.784 -314.957 257.055
-354.945 -313.226 257.355
-356.219 -311.363 257.695
-357.534 -309.477 258.054
-358.809 -307.683 258.408
-360.128 -305.86 258.778
-361.589 -303.878 259.191
-363.201 -301.724 259.65
-364.471 -300.046 260.01
-366.069 -297.945 260.461
-367.596 -295.942 260.887
-369.141 -293.91 261.312
-370.699 -291.85 261.732
-372.26 -289.765 262.142
-373.819 -287.659 262.54
-375.371 -285.532 262.924
-376.91 -283.389 263.294
-378.531 -281.086 263.674
-380.027 -278.915 264.014
-381.494 -276.734 264.34
-383.305 -273.962 264.729
-384.602 -271.916 264.999
-385.866 -269.872 265.249
-387.183 -267.686 265.494
-388.463 -265.508 265.71
-389.704 -263.342 265.895
-390.985 -261.049 266.053
-392.223 -258.779 266.167
-393.273 -256.814 266.232
-394.368 -254.732 266.275
-395.437 -252.674 266.298
-396.556 -250.509 266.311
-397.589 -248.506 266.322
-398.681 -246.4 266.341
-399.7 -244.456 266.376
-400.787 -242.412 266.433
-401.81 -240.523 266.501
-402.839 -238.657 266.579
-403.946 -236.692 266.671
-405.066 -234.749 266.767
-406.203 -232.827 266.863
-407.214 -231.16 266.943
-408.389 -229.27 267.025
-409.509 -227.513 267.09
-410.649 -225.768 267.139
-411.885 -223.92 267.169
-413.143 -222.083 267.171
-414.262 -220.486 267.145
-415.562 -218.669 267.082
-416.883 -216.861 266.979
-418.139 -215.17 266.845
-419.412 -213.483 266.675
-420.787 -211.685 266.452
-422.178 -209.887 266.183
-423.406 -208.312 265.91
-424.822 -206.51 265.553
-426.153 -204.822 265.172
-427.482 -203.141 264.746
-428.803 -201.47 264.273
-430.541 -199.267 263.564
-431.396 -198.18 263.176
-432.656 -196.57 262.549
-433.965 -194.884 261.82
-435.238 -193.229 261.031
-436.398 -191.705 260.235
-437.524 -190.206 259.385
-438.759 -188.536 258.359
-439.742 -187.183 257.462
-440.761 -185.754 256.45
-441.811 -184.253 255.318
-442.764 -182.868 254.215
-443.692 -181.504 253.081
-444.66 -180.073 251.848
-445.611 -178.666 250.6
-446.492 -177.368 249.427
-447.369 -176.092 248.259
-448.302 -174.755 247.021
-449.235 -173.447 245.787
-450.111 -172.251 244.633
-450.989 -171.086 243.476
-451.872 -169.956 242.315
-452.759 -168.863 241.146
-453.713 -167.74 239.887
-454.67 -166.664 238.614
-455.506 -165.759 237.49
-456.455 -164.767 236.191
-457.333 -163.878 234.96
-458.309 -162.918 233.549
-459.148 -162.112 232.289
-459.962 -161.344 231.016
-460.749 -160.611 229.734
-461.508 -159.911 228.449
-462.286 -159.195 227.078
-462.984 -158.55 225.799
-463.695 -157.886 224.446
-464.369 -157.243 223.112
-464.969 -156.655 221.883
-465.541 -156.078 220.678
-466.092 -155.511 219.502
-466.625 -154.95 218.357
-467.181 -154.356 217.176
-467.729 -153.761 216.039
-468.241 -153.201 215.018
-468.756 -152.635 214.045
-469.277 -152.062 213.13
-469.809 -151.48 212.28
-470.355 -150.887 211.505
-470.918 -150.28 210.812
-471.504 -149.659 210.211
-472.115 -149.021 209.71
-472.794 -148.324 209.284
-473.668 -147.435 208.874
-474.155 -146.943 208.692
-474.818 -146.273 208.477
-475.516 -145.566 208.271
-476.195 -144.873 208.065
-476.806 -144.243 207.852
-477.385 -143.635 207.612
-477.998 -142.979 207.304
-478.462 -142.468 207.021
-478.916 -141.955 206.688
-479.345 -141.449 206.297
-479.69 -141.019 205.895
-479.994 -140.609 205.428
-480.221 -140.272 204.961
-480.398 -139.975 204.47
-480.54 -139.701 203.931
-480.642 -139.467 203.383
-480.707 -139.28 202.869
-480.75 -139.121 202.361
-480.778 -138.979 201.835
-480.791 -138.862 201.327
-480.793 -138.772 200.868
-480.786 -138.696 200.399
-480.774 -138.638 199.978
-480.758 -138.593 199.578
-480.741 -138.554 199.174
-480.726 -138.523 198.796
-480.712 -138.5 198.461
-480.7 -138.48 198.144
-480.688 -138.464 197.843
-480.676 -138.449 197.538
-480.666 -138.435 197.265
-480.655 -138.42 197.002
-480.645 -138.404 196.749
-480.634 -138.385 196.508
-480.622 -138.365 196.28
-480.609 -138.341 196.069
-480.592 -138.312 195.864
-480.573 -138.279 195.681
-480.553 -138.243 195.533
-480.529 -138.202 195.407
-480.503 -138.156 195.298
-480.474 -138.104 195.202
-480.44 -138.041 195.11
-480.403 -137.969 195.024
-480.366 -137.894 194.943
-480.326 -137.809 194.858
-480.283 -137.71 194.761
-480.241 -137.602 194.657
-480.205 -137.493 194.552
-480.174 -137.379 194.44
-480.15 -137.252 194.313
-480.136 -137.113 194.168
-480.135 -136.995 194.041
-480.143 -136.869 193.901
-480.159 -136.746 193.76
-480.18 -136.631 193.624
-480.206 -136.519 193.489
-480.232 -136.423 193.369
-480.255 -136.351 193.275
-480.275 -136.297 193.198
-480.29 -136.265 193.144
-480.304 -136.252 193.107
-480.315 -136.256 193.086
-480.327 -136.274 193.075
-480.34 -136.306 193.069
-480.354 -136.347 193.067
-480.372 -136.397 193.066
-480.393 -136.46 193.065
-480.416 -136.528 193.064
-480.442 -136.605 193.063
-480.473 -136.697 193.061
-480.507 -136.799 193.059
-480.539 -136.896 193.057
-480.581 -137.024 193.053
-480.616 -137.134 193.049
-480.654 -137.257 193.044
-480.697 -137.399 193.038
-480.734 -137.532 193.032
-480.766 -137.655 193.027
-480.792 -137.766 193.021
-480.818 -137.887 193.016
-480.838 -137.999 193.01
-480.854 -138.095 193.005
-480.867 -138.185 193.001
-480.875 -138.256 192.997
-480.881 -138.313 192.994
-480.884 -138.354 192.992
-480.884 -138.379 192.99
