-264.458 -436.992 177.5
-264.458 -436.992 177.5
-264.458 -436.992 177.5
-264.458 -436.992 177.5
-264.458 -436.992 177.5
-264.458 -436.992 177.5
-264.458 -436.992 177.5
-264.458 -436.992 177.5
-264.458 -436.992 177.5
-264.458 -436.993 177.5
-264.458 -436.993 177.5
-264.458 -436.994 177.5
-264.457 -436.996 177.5
-264.457 -436.998 177.499
-264.457 -437.001 177.499
-264.457 -437.004 177.499
-264.457 -437.005 177.499
-264.458 -437.006 177.5
-264.46 -437.005 177.501
-264.462 -437.003 177.503
-264.466 -436.998 177.505
-264.47 -436.993 177.508
-264.473 -436.988 177.512
-264.473 -436.986 177.517
-264.468 -436.989 177.523
-264.457 -436.999 177.529
-264.439 -437.015 177.536
-264.413 -437.041 177.543
-264.377 -437.079 177.551
-264.332 -437.125 177.559
-264.284 -437.176 177.566
-264.229 -437.234 177.572
-264.164 -437.302 177.577
-264.094 -437.375 177.581
-264.024 -437.45 177.582
-263.95 -437.529 177.582
-263.875 -437.614 177.581
-263.794 -437.712 177.58
-263.718 -437.811 177.579
-263.645 -437.918 177.578
-263.569 -438.04 177.578
-263.498 -438.171 177.582
-263.436 -438.301 177.589
-263.379 -438.437 177.605
-263.328 -438.576 177.629
-263.283 -438.718 177.666
-263.243 -438.872 177.721
-263.211 -439.025 177.796
-263.19 -439.168 177.89
-263.179 -439.307 178.017
-263.178 -439.441 178.186
-263.19 -439.568 178.406
-263.217 -439.693 178.706
-263.257 -439.799 179.06
-263.317 -439.897 179.523
-263.383 -439.969 180.004
-263.473 -440.031 180.637
-263.577 -440.071 181.358
-263.693 -440.086 182.165
-263.819 -440.072 183.055
-263.945 -440.031 183.963
-264.078 -439.961 184.94
-264.219 -439.861 185.975
-264.371 -439.732 187.053
-264.539 -439.573 188.163
-264.725 -439.386 189.29
-264.931 -439.17 190.422
-265.179 -438.909 191.619
-265.44 -438.637 192.721
-265.749 -438.315 193.872
-266.065 -437.985 194.93
-266.407 -437.625 195.969
-266.799 -437.21 197.057
-267.216 -436.761 198.126
-267.631 -436.309 199.112
-268.096 -435.793 200.148
-268.587 -435.241 201.169
-269.104 -434.652 202.176
-269.613 -434.066 203.11
-270.146 -433.446 204.034
-270.704 -432.792 204.95
-271.288 -432.103 205.858
-271.899 -431.376 206.762
-272.544 -430.609 207.661
-273.227 -429.798 208.559
-274.001 -428.88 209.518
-274.777 -427.966 210.419
-275.718 -426.864 211.446
-276.61 -425.828 212.358
-277.493 -424.807 213.215
-278.561 -423.572 214.195
-279.687 -422.267 215.172
-280.792 -420.978 216.082
-281.943 -419.625 216.98
-283.135 -418.207 217.864
-284.367 -416.725 218.729
-285.633 -415.178 219.573
-286.93 -413.569 220.393
-288.343 -411.785 221.238
-289.78 -409.933 222.05
-291.329 -407.894 222.873
-292.524 -406.285 223.472
-294.003 -404.25 224.172
-295.488 -402.161 224.834
-296.884 -400.16 225.423
-298.281 -398.127 225.987
-299.954 -395.654 226.636
-301.253 -393.713 227.124
-302.638 -391.623 227.636
-304.018 -389.53 228.14
-305.391 -387.436 228.645
-306.759 -385.343 229.16
-308.212 -383.116 229.727
-309.752 -380.759 230.364
-311.016 -378.827 230.922
-312.369 -376.769 231.562
-313.718 -374.725 232.251
-315.061 -372.696 232.985
-316.481 -370.551 233.814
-318.058 -368.162 234.798
-319.18 -366.455 235.537
-320.454 -364.505 236.418
-321.784 -362.449 237.384
-323.001 -360.546 238.31
-324.192 -358.663 239.247
-325.355 -356.796 240.188
-326.568 -354.821 241.187
-327.606 -353.102 242.049
-328.695 -351.269 242.954
-329.832 -349.32 243.888
-330.875 -347.496 244.729
-331.898 -345.678 245.532
-332.971 -343.744 246.342
-334.026 -341.817 247.101
-335.001 -340.018 247.761
-335.966 -338.226 248.368
-336.985 -336.323 248.954
-337.999 -334.425 249.475
-338.949 -332.645 249.909
-339.904 -330.858 250.292
-340.932 -328.939 250.649
-341.909 -327.121 250.937
-342.904 -325.279 251.184
-343.988 -323.282 251.405
-345.026 -321.378 251.578
-346.087 -319.445 251.725
-347.244 -317.351 251.86
-348.428 -315.225 251.981
-349.561 -313.202 252.087
-350.719 -311.152 252.194
-351.98 -308.935 252.315
-353.274 -306.688 252.446
-354.519 -304.554 252.578
-355.798 -302.394 252.722
-357.206 -300.063 252.888
-358.661 -297.702 253.071
-360.072 -295.463 253.258
-361.53 -293.199 253.461
-363.029 -290.914 253.681
-364.565 -288.612 253.917
-366.239 -286.14 254.188
-367.943 -283.655 254.477
-369.564 -281.319 254.767
-371.202 -278.98 255.073
-372.965 -276.485 255.419
-374.745 -273.991 255.785
-376.426 -271.658 256.146
-378.121 -269.329 256.527
-379.942 -266.852 256.953
-381.776 -264.386 257.4
-383.508 -262.084 257.84
-385.249 -259.793 258.297
-386.997 -257.511 258.77
-388.749 -255.238 259.256
-390.621 -252.821 259.785
-392.492 -250.413 260.324
-394.126 -248.311 260.8
-395.986 -245.916 261.347
-397.84 -243.525 261.895
-399.573 -241.288 262.405
-401.186 -239.202 262.876
-403.024 -236.819 263.407
-404.745 -234.586 263.892
-406.577 -232.204 264.395
-408.291 -229.968 264.849
-410.225 -227.435 265.34
-411.804 -225.351 265.723
-413.478 -223.122 266.11
-415.235 -220.752 266.492
-416.957 -218.393 266.841
-418.533 -216.194 267.134
-420.169 -213.865 267.406
-421.56 -211.84 267.603
-423.008 -209.686 267.766
-424.502 -207.406 267.874
-425.944 -205.144 267.905
-427.247 -203.04 267.858
-428.501 -200.954 267.728
-429.787 -198.748 267.494
-431.025 -196.566 267.167
-432.149 -194.544 266.78
-433.243 -192.548 266.32
-434.314 -190.58 265.793
-435.368 -188.641 265.202
-436.478 -186.609 264.507
-437.513 -184.738 263.802
-438.615 -182.779 263.001
-439.719 -180.86 262.16
-440.761 -179.098 261.345
-441.814 -177.372 260.513
-442.954 -175.571 259.615
-444.116 -173.813 258.716
-445.229 -172.202 257.873
-446.442 -170.523 256.971
-447.686 -168.883 256.062
-448.961 -167.282 255.142
-450.187 -165.814 254.266
-451.445 -164.378 253.373
-452.734 -162.972 252.461
-454.137 -161.51 251.462
-455.47 -160.175 250.499
-456.812 -158.881 249.507
-458.244 -157.546 248.412
-460.108 -155.874 246.912
-460.984 -155.113 246.171
-462.278 -154.013 245.025
-463.628 -152.895 243.758
-464.942 -151.832 242.447
-466.138 -150.881 241.18
-467.294 -149.973 239.878
-468.481 -149.049 238.452
-469.615 -148.168 236.99
-470.625 -147.379 235.59
-471.579 -146.625 234.17
-472.528 -145.86 232.642
-473.4 -145.133 231.109
-474.144 -144.486 229.676
-474.809 -143.871 228.254
-475.428 -143.251 226.758
-475.954 -142.668 225.289
-476.365 -142.153 223.94
-476.7 -141.67 222.619
-476.978 -141.19 221.244
-477.178 -140.745 219.906
-477.298 -140.36 218.689
-477.36 -139.983 217.431
-477.366 -139.66 216.287
-477.331 -139.344 215.098
-477.268 -139.055 213.937
-477.193 -138.791 212.799
-477.123 -138.562 211.746
-477.068 -138.349 210.703
-477.036 -138.15 209.668
-477.032 -137.95 208.575
-477.061 -137.762 207.5
-477.143 -137.549 206.254
-477.23 -137.409 205.425
-477.364 -137.251 204.497
-477.548 -137.084 203.545
-477.773 -136.919 202.638
-478.01 -136.765 201.83
-478.263 -136.615 201.067
-478.522 -136.468 200.35
-478.778 -136.326 199.684
-479.038 -136.181 199.032
-479.258 -136.051 198.477
-479.451 -135.927 197.976
-479.629 -135.802 197.493
-479.777 -135.683 197.055
-479.89 -135.575 196.679
-479.978 -135.472 196.329
-480.045 -135.365 195.977
-480.083 -135.266 195.661
-480.099 -135.17 195.357
-480.098 -135.066 195.049
-480.081 -134.962 194.758
-480.056 -134.861 194.503
-480.025 -134.757 194.267
-479.989 -134.64 194.038
-479.956 -134.517 193.835
-479.926 -134.395 193.667
-479.897 -134.267 193.52
-479.869 -134.135 193.393
-479.843 -134.007 193.294
-479.812 -133.856 193.2
-479.782 -133.71 193.132
-479.747 -133.552 193.079
-479.712 -133.392 193.042
-479.679 -133.246 193.021
-479.647 -133.106 193.01
-479.615 -132.966 193.006
-479.588 -132.847 193.006
-479.565 -132.743 193.008
-479.548 -132.657 193.01
-479.539 -132.588 193.012
-479.542 -132.537 193.013
-479.56 -132.508 193.016
-479.601 -132.501 193.019
-479.66 -132.517 193.023
-479.736 -132.551 193.028
-479.856 -132.617 193.035
-479.979 -132.691 193.043
-480.114 -132.776 193.051
-480.264 -132.874 193.06
-480.412 -132.973 193.069
-480.552 -133.069 193.077
-480.67 -133.149 193.084
-480.772 -133.22 193.09
-480.861 -133.281 193.096
-480.941 -133.336 193.1
-481.007 -133.381 193.104
-481.061 -133.416 193.107
-481.098 -133.44 193.11
-481.131 -133.459 193.111
-481.153 -133.47 193.112
-481.169 -133.475 193.113
-481.18 -133.474 193.113
-481.187 -133.468 193.113
-481.191 -133.458 193.113
-481.195 -133.443 193.113
-481.199 -133.426 193.113
-481.205 -133.406 193.113
-481.211 -133.388 193.114
-481.218 -133.368 193.114
-481.228 -133.346 193.115
-481.239 -133.325 193.116
-481.252 -133.307 193.117
-481.266 -133.29 193.118
-481.283 -133.275 193.119
-481.302 -133.264 193.121
-481.32 -133.256 193.122
-481.339 -133.253 193.124
-481.359 -133.253 193.125
-481.38 -133.259 193.126
-481.4 -133.269 193.127
-481.422 -133.284 193.127
-481.446 -133.301 193.128
-481.473 -133.321 193.13
-481.504 -133.342 193.132
-481.541 -133.363 193.134
-481.586 -133.387 193.138
-481.639 -133.41 193.142
-481.694 -133.431 193.147
-481.753 -133.451 193.152
-481.821 -133.472 193.158
-481.892 -133.493 193.163
-481.966 -133.512 193.169
-482.037 -133.529 193.174
-482.114 -133.546 193.179
-482.191 -133.563 193.183
-482.263 -133.578 193.188
-482.334 -133.592 193.192
-482.404 -133.607 193.196
-482.472 -133.622 193.2
-482.541 -133.639 193.205
-482.606 -133.654 193.209
-482.664 -133.668 193.214
-482.719 -133.68 193.218
-482.769 -133.689 193.222
-482.815 -133.695 193.226
-482.856 -133.696 193.23
